ANC data (sentinel)
1993	32	0.340	1.000	1.000	0.008	0.000	1	0.120
1994	168	0.520	1.000	1.000	0.008	0.000	1	0.050
1995	327	0.380	1.000	1.000	0.008	0.000	1	0.050
1999	245	0.340	1.000	1.000	0.008	0.000	1	0.450
2002	449	0.310	1.000	1.000	0.008	0.000	1	0.430
FPC data
1994	189	0.150	1.000	1.000	0.008	0.000	1	0.240
1995	210	0.351	1.000	1.000	0.008	0.000	1	0.224
1999	532	0.359	1.000	1.000	0.008	0.000	0	0.000
2002	221	0.584	1.000	1.000	0.008	0.000	1	0.457
GUD data
CSW data
Household data (sentinel)
ANC data (national)
Household data (national)