     0		         0	         0	         0	         0	         0	         0	         0	         0	         0	    1607.2	   12258.1	   45826.3	    102994	    222631	    359807	    606523	    793529	1.03679e+06	1.25165e+06	1.46042e+06	1.59273e+06	1.6186e+06	1.59121e+06	1.52484e+06	1.41433e+06	1.13899e+06	    982954	    654563	    442827	    363869
     1		         0	         0	         0	         0	         0	         0	         0	         0	         0	    3302.9	   10326.8	   42177.1	   93262.8	    216265	    414978	    656722	    886289	1.13084e+06	1.33549e+06	1.56449e+06	1.66374e+06	1.63559e+06	1.59677e+06	1.46521e+06	1.26936e+06	1.00174e+06	    774980	    510118	    407316	    308955
     2		         0	         0	         0	         0	         0	         0	         0	         0	         0	   1686.62	   1689.13	   15427.7	   28295.3	     69479	    131291	    203171	    346892	    526273	    722525	    905601	1.0696e+06	1.17607e+06	1.23036e+06	1.26807e+06	1.1483e+06	    947019	    755745	    564204	    468026	    376160
     3		         0	         0	         0	         0	         0	         0	         0	         0	         0	         0	   6978.67	   17748.2	   32976.8	     76585	    167660	    283745	    430665	    640809	    858495	1.07116e+06	1.18185e+06	1.26904e+06	1.28033e+06	1.20428e+06	1.07928e+06	    982699	    845335	    584204	    482721	    354009
     4		         0	         0	         0	         0	         0	         0	         0	         0	   1698.53	   1617.35	   6888.56	     17282	   55245.2	    155313	    346538	    600757	    810180	1.07222e+06	1.3611e+06	1.61777e+06	1.63918e+06	1.6248e+06	1.65058e+06	1.5525e+06	1.37113e+06	1.22305e+06	    937840	    608240	    496700	    415254
     5		         0	         0	         0	         0	         0	         0	         0	         0	         0	   1584.16	   13188.6	   37352.8	   97149.8	    181089	    280452	    482126	    653308	    898278	1.09888e+06	1.24281e+06	1.33131e+06	1.33639e+06	1.37926e+06	1.26824e+06	1.18511e+06	1.06506e+06	    836835	    571650	    461454	    381751
     6		         0	         0	         0	         0	         0	         0	         0	         0	         0	         0	   3497.12	     17624	   28989.9	   70588.8	    109521	    161038	    266986	    390570	    525454	    743148	    856981	    960091	1.01146e+06	1.05119e+06	1.03525e+06	    861069	    797916	    576891	    484849	    354892
     7		         0	         0	         0	         0	         0	         0	         0	         0	         0	         0	    5056.9	   22419.9	   77358.8	    150556	    307009	    494599	    691947	    911903	1.12855e+06	1.3112e+06	1.43557e+06	1.48386e+06	1.51605e+06	1.47557e+06	1.37111e+06	1.19843e+06	    975423	    646414	    504763	    410663
     8		         0	         0	         0	         0	         0	         0	         0	         0	         0	   1803.83	   3408.56	     17923	   21729.7	   29933.7	   77051.3	    123265	    243581	    373887	    514657	    679720	    776619	    884065	    935602	    969712	    918311	    845014	    674592	    489905	    411337	    352483
     9		         0	         0	         0	         0	         0	         0	         0	         0	   1798.92	   1604.78	   4975.99	   42185.8	    124485	    270076	    481704	    669179	    848777	    992885	1.15039e+06	1.27246e+06	1.3294e+06	1.36412e+06	1.28636e+06	1.22592e+06	1.09233e+06	    945178	    803982	    503039	    389900	    290864
    10		         0	         0	         0	         0	         0	         0	         0	         0	         0	   1826.53	   8771.13	   47758.8	   92552.8	    162694	    299654	    447824	    625640	    820233	1.02295e+06	1.18708e+06	1.31991e+06	1.41723e+06	1.40915e+06	1.36188e+06	1.23377e+06	1.06033e+06	    860276	    531807	    437676	    383275
    11		         0	         0	         0	         0	         0	         0	         0	         0	   3413.63	   6652.57	   7017.72	   13831.9	   41155.4	   78089.4	    166965	    337399	    503511	    673640	    869950	1.01906e+06	1.15845e+06	1.21637e+06	1.16556e+06	1.16488e+06	1.02173e+06	    950658	    827126	    499955	    387178	    291077
    12		         0	         0	         0	         0	         0	         0	         0	         0	   1749.37	   5024.06	   8491.04	     13509	     29869	   54756.4	   89061.2	    149976	    228565	    372033	    546953	    721146	    810674	    887055	    929429	    928273	    920665	    835998	    687328	    450697	    363287	    302904
    13		         0	         0	         0	         0	         0	         0	         0	         0	         0	   3641.14	   10600.4	   35727.7	   86427.5	    154843	    274738	    467020	    638366	    825260	1.03354e+06	1.22932e+06	1.32446e+06	1.3671e+06	1.35523e+06	1.29018e+06	1.20794e+06	1.02135e+06	    867079	    577718	    401217	    336018
    14		         0	         0	         0	         0	         0	         0	         0	         0	         0	   3286.26	   6785.84	   12394.8	   14193.6	   22849.5	     47495	   72315.3	   93736.7	    149041	    261035	    395781	    509389	    619170	    710601	    719169	    721243	    659369	    534892	    415661	    332204	    298004
    15		         0	         0	         0	         0	         0	         0	         0	         0	         0	    1712.1	   8586.68	     26678	   64925.2	    137012	    225574	    390279	    612981	    868229	1.08448e+06	1.26187e+06	1.31941e+06	1.40288e+06	1.33338e+06	1.30551e+06	1.14629e+06	1.03266e+06	    856091	    579051	    458118	    378462
    16		         0	         0	         0	         0	         0	         0	         0	         0	         0	         0	   11722.1	   33903.1	   74486.3	    150247	    272086	    411920	    581262	    736674	    917562	1.1105e+06	1.27174e+06	1.34748e+06	 1.329e+06	1.25396e+06	1.14133e+06	    998115	    842924	    585020	    472736	    348001
    17		         0	         0	         0	         0	         0	         0	         0	         0	         0	         0	   5249.36	   19279.6	   54770.1	    149278	    327315	    517296	    765050	1.01905e+06	1.27049e+06	1.46174e+06	1.56871e+06	1.59922e+06	1.55326e+06	1.42721e+06	1.2297e+06	1.07959e+06	    893080	    687997	    475412	    341155
    18		         0	         0	         0	         0	         0	         0	         0	         0	         0	   3123.04	   8601.55	   12180.8	   44680.5	    110623	    229078	    397914	    601683	    831812	1.09824e+06	1.29655e+06	1.39426e+06	1.46802e+06	1.41283e+06	1.36531e+06	1.26749e+06	1.0658e+06	    861627	    550031	    466120	    350607
    19		         0	         0	         0	         0	         0	         0	         0	         0	         0	   3335.62	   6706.09	   29768.5	   68460.1	    157914	    295239	    526450	    738840	    954507	1.0625e+06	1.22601e+06	1.36455e+06	1.43025e+06	1.41842e+06	1.37676e+06	1.26813e+06	1.09687e+06	    867243	    592011	    475257	    332348
    20		         0	         0	         0	         0	         0	         0	         0	         0	         0	         0	   5235.65	   15669.7	     31200	   32946.7	   41931.6	   69153.5	    128254	    214044	    354340	    470531	    638239	    759490	    804158	    786978	    805677	    728133	    605650	    501476	    409259	    313989
    21		         0	         0	         0	         0	         0	         0	         0	         0	         0	    1818.9	   3383.86	   22200.5	   32601.4	   67347.3	    130326	    189439	    330203	    483355	    637870	    803152	    916849	    991184	1.08901e+06	1.05915e+06	    956989	    843352	    659319	    465330	    366041	    329296
    22		         0	         0	         0	         0	         0	         0	         0	         0	         0	   1355.96	   27543.5	    118370	    302272	    524745	    745423	1.02267e+06	1.25476e+06	1.5375e+06	1.62894e+06	1.77368e+06	1.8324e+06	1.85512e+06	1.69928e+06	1.56546e+06	1.35695e+06	1.10414e+06	    860014	    575889	    431975	    343929
    23		         0	         0	         0	         0	         0	         0	         0	         0	    1614.8	    1725.2	   4833.94	   21568.4	   42553.9	   75647.8	    170311	    295312	    498305	    690642	    886588	1.08576e+06	1.16739e+06	1.25948e+06	1.28912e+06	1.20948e+06	1.18312e+06	1.00071e+06	    810540	    600766	    479874	    381335
    24		         0	         0	         0	         0	         0	         0	         0	         0	   1832.49	   1650.81	   1682.43	   19075.5	   39302.3	   93389.8	    164729	    230083	    376701	    481011	    633416	    776693	    905617	    999479	1.06246e+06	1.02946e+06	    977227	    913105	    806742	    572144	    448278	    380977
    25		         0	         0	         0	         0	         0	         0	         0	         0	   1536.14	   4896.66	   14588.6	   33495.4	   74386.4	    136736	    230835	    376777	    599733	    841227	1.12168e+06	1.27359e+06	1.36951e+06	1.42524e+06	1.46375e+06	1.33838e+06	1.25829e+06	1.12858e+06	    899015	    609223	    505008	    359107
    26		         0	         0	         0	         0	         0	         0	         0	         0	         0	         0	   5330.46	   8860.89	   33930.6	   62264.3	    125324	    222919	    380895	    514228	    680496	    849138	    973158	1.07512e+06	1.12703e+06	1.1231e+06	1.16077e+06	    984203	    862478	    610618	    437321	    372096
    27		         0	         0	         0	         0	         0	         0	         0	         0	         0	   6569.77	   6806.34	   29526.1	   59701.7	    139492	    285040	    465284	    750867	    988807	1.17625e+06	1.35572e+06	1.46651e+06	1.52477e+06	1.48125e+06	1.43424e+06	1.34206e+06	1.05153e+06	    824520	    523005	    402003	    341670
    28		         0	         0	         0	         0	         0	         0	         0	         0	         0	         0	   8582.76	   35021.6	   98905.1	    220196	    404655	    596466	    856961	1.03542e+06	1.21413e+06	1.40476e+06	1.50807e+06	1.54794e+06	1.5536e+06	1.43549e+06	1.35102e+06	1.07157e+06	    878257	    554547	    413825	    326436
    29		         0	         0	         0	         0	         0	         0	         0	   1701.42	   1700.38	   4578.42	   14872.1	     33452	   65524.9	    111274	    180344	    290440	    456402	    705225	    967666	1.21435e+06	1.41753e+06	1.49345e+06	1.49678e+06	1.50612e+06	1.45142e+06	1.21278e+06	1.00901e+06	    652496	    493607	    419777
    30		         0	         0	         0	         0	         0	         0	         0	         0	         0	   1752.73	   10269.8	   17427.3	     31919	   48034.4	   86066.2	    165638	    247725	    335850	    449395	    611345	    697917	    765420	    821250	    869294	    874246	    826969	    717792	    526360	    398041	    325852
    31		         0	         0	         0	         0	         0	         0	         0	         0	         0	   3174.33	   6731.06	   25757.6	   41664.9	    100852	    209063	    395910	    613399	    804557	1.01264e+06	1.16738e+06	1.29684e+06	1.36743e+06	1.40536e+06	1.34036e+06	1.24086e+06	1.02876e+06	    815241	    559231	    428212	    368436
    32		         0	         0	         0	         0	         0	         0	         0	         0	         0	   3485.99	    8556.9	   21245.4	   54947.7	    113235	    168062	    283821	    420417	    641207	    845536	1.04801e+06	1.2326e+06	1.3375e+06	1.35705e+06	1.28515e+06	1.23972e+06	1.07957e+06	    895751	    620600	    434543	    367285
    33		         0	         0	         0	         0	         0	         0	         0	         0	         0	         0	   5305.36	   21917.6	   59401.1	    131400	    263635	    379429	    503186	    717029	    937100	1.19015e+06	1.29486e+06	1.40333e+06	1.41557e+06	1.37085e+06	1.26583e+06	1.06502e+06	    884768	    652959	    535020	    357036
    34		         0	         0	         0	         0	         0	         0	         0	         0	         0	   3346.28	   8538.47	     19049	   76643.8	    204600	    334356	    542031	    766595	1.01284e+06	1.17968e+06	1.33815e+06	1.46489e+06	1.49047e+06	1.44214e+06	1.36832e+06	1.27468e+06	1.07666e+06	    882646	    621477	    478325	    362001
    35		         0	         0	         0	         0	         0	         0	         0	         0	         0	   8618.47	   20349.8	   50980.1	   98926.6	    214897	    346358	    579442	    835207	1.10285e+06	1.33447e+06	1.52173e+06	1.56839e+06	1.53191e+06	1.43545e+06	1.30019e+06	1.2011e+06	1.08995e+06	    848998	    555495	    397207	    308547
    36		         0	         0	         0	         0	         0	         0	         0	         0	         0	   1695.55	   8894.51	   15986.1	   30273.5	   44202.2	   78804.4	    144170	    220342	    311860	    435168	    525230	    664495	    798904	    828700	    853591	    818827	    756323	    723534	    522526	    442597	    336775
    37		         0	         0	         0	         0	         0	         0	         0	         0	         0	   3390.31	   4778.93	   18901.9	   31089.5	   52249.5	   93443.7	    180123	    283742	    377822	    517539	    632651	    719403	    811111	    922011	    917593	    874722	    784913	    677890	    495972	    412568	    376892
    38		         0	         0	         0	         0	         0	         0	         0	         0	         0	         0	   1421.52	     10218	   9877.76	   18417.2	   30626.5	   56736.8	   89791.4	    131227	    182086	    294034	    396861	    520390	    628005	    710381	    677796	    732587	    676863	    527101	    405039	    322077
    39		         0	         0	         0	         0	         0	         0	         0	         0	         0	   1803.82	   13921.2	   31622.9	     93045	    173746	    329099	    545957	    770335	1.04327e+06	1.23004e+06	1.42891e+06	1.48378e+06	1.59685e+06	1.5861e+06	1.51428e+06	1.33924e+06	1.13057e+06	    959623	    646792	    501230	    383347
    40		         0	         0	         0	         0	         0	         0	         0	         0	         0	   3238.95	   10624.3	   25089.9	     36401	   86361.1	    196765	    330726	    508444	    717921	    934826	1.07642e+06	1.16407e+06	1.28519e+06	1.31158e+06	1.24843e+06	1.13937e+06	1.0077e+06	    835900	    627438	    489537	    410498
    41		         0	         0	         0	         0	         0	         0	         0	         0	         0	         0	   3410.13	   19398.9	   41045.2	   62285.6	    100989	    208629	    353587	    537958	    700675	    880240	    962157	1.0724e+06	1.06842e+06	1.05897e+06	1.01649e+06	    964067	    799852	    564934	    462430	    361817
    42		         0	         0	         0	         0	         0	         0	         0	         0	         0	   3344.31	   15252.7	   57094.5	   87033.3	    163106	    282388	    416754	    559558	    701528	    846217	1.05688e+06	1.18784e+06	1.25077e+06	1.25307e+06	1.20014e+06	1.1008e+06	1.00465e+06	    819727	    611880	    497205	    386425
    43		         0	         0	         0	         0	         0	         0	         0	         0	         0	         0	   12598.2	   44031.6	    130692	    252864	    391229	    647131	    956817	1.21466e+06	1.37926e+06	1.58355e+06	1.62971e+06	1.66187e+06	1.64552e+06	1.58351e+06	1.43086e+06	1.17254e+06	    888125	    578744	    456836	    350379
    44		         0	         0	         0	         0	         0	         0	         0	         0	         0	   1654.36	   5104.59	   16786.7	   29025.6	     80727	    183356	    341279	    580512	    810505	    988125	1.1765e+06	1.27511e+06	1.29945e+06	1.31766e+06	1.36362e+06	1.23038e+06	1.02368e+06	    818742	    571977	    456689	    383615
    45		         0	         0	         0	         0	         0	         0	         0	         0	         0	   3248.16	   11545.8	     38619	    123969	    274020	    519561	    796207	1.08205e+06	1.35904e+06	1.57749e+06	1.79474e+06	1.79629e+06	1.8705e+06	1.79211e+06	1.61671e+06	1.48302e+06	1.20723e+06	    959081	    686594	    478976	    367710
    46		         0	         0	         0	         0	         0	         0	         0	         0	    1726.2	   3431.25	   8687.53	   19944.9	   37114.9	   67143.2	    117042	    182284	    294075	    417118	    580199	    769044	    886270	    993065	1.01199e+06	    944871	    956428	    889252	    781686	    503302	    406972	    357308
    47		         0	         0	         0	         0	         0	         0	         0	         0	         0	    1837.6	   5465.39	   36778.2	    108234	    248112	    436359	    692898	    868954	1.08131e+06	1.23642e+06	1.40159e+06	1.49654e+06	1.49405e+06	1.47895e+06	1.40817e+06	1.21315e+06	1.11198e+06	    873027	    584453	    476054	    371618
    48		         0	         0	         0	         0	         0	         0	         0	         0	   1734.81	   6782.35	     10334	   53662.5	    114694	    242237	    453427	    718129	1.00194e+06	1.23019e+06	1.39824e+06	1.50302e+06	1.56399e+06	1.53496e+06	1.46978e+06	1.31903e+06	1.22848e+06	1.03064e+06	    871443	    577929	    439722	    384889
    49		         0	         0	         0	         0	         0	         0	         0	         0	         0	   1575.21	   3414.68	   11975.1	   21275.3	   33316.7	   68088.8	    140598	    233127	    348337	    488857	    616859	    724533	    823228	    921438	    865388	    880988	    758740	    682015	    472554	    383289	    307261
