     0		0.00553881	0.00173367	0.00960178	0.00809365	0.00996991	 0.0184814	 0.0288628	 0.0296321	 0.0273649	 0.0795565	  0.147002	  0.112119	0.00652755	 0.0117271	 0.0283394	 0.0348813	 0.0501767	 0.0577117	   0.10353	  0.146953	  0.193354	  0.249931	  0.314602	  0.278181	  0.374951	  0.330253	   0.41393	  0.410524	  0.416097	  0.431709
     1		         0	         0	0.00675181	 0.0066103	 0.0245794	  0.043329	 0.0426773	 0.0258002	 0.0636851	 0.0694191	 0.0985143	  0.231096	 0.0110476	0.00692996	  0.023129	 0.0415511	  0.067902	 0.0566279	  0.108935	  0.134585	  0.214967	  0.273514	  0.327133	  0.316888	  0.314747	   0.38618	  0.368441	  0.416213	   0.43877	  0.539458
     2		0.00584519	 0.0112586	         0	 0.0082201	 0.0287452	 0.0258943	 0.0275548	 0.0398694	 0.0459613	 0.0764616	  0.104618	   0.25366	 0.0106461	 0.0188864	 0.0133484	 0.0356901	 0.0764834	 0.0852866	  0.137041	  0.136061	  0.128147	  0.247952	  0.308843	  0.344835	  0.327605	  0.465603	  0.379706	  0.394233	   0.39377	  0.390509
     3		0.00586837	0.00522084	0.00717465	 0.0100839	 0.0184444	  0.023083	 0.0407224	 0.0392744	 0.0492525	 0.0920605	  0.132648	   0.21468	         0	0.00795381	 0.0250958	 0.0326889	 0.0710367	 0.0731255	 0.0681805	  0.133522	  0.188901	  0.264559	  0.310306	   0.39675	  0.380529	  0.385112	  0.464886	  0.405152	  0.376369	  0.406883
     4		         0	0.00189055	0.00551705	 0.0112406	 0.0252214	 0.0161744	 0.0237882	 0.0429667	 0.0388226	 0.0796755	  0.127388	  0.182247	0.00369025	 0.0137386	  0.029568	 0.0416343	  0.058708	 0.0688628	 0.0922456	  0.144761	  0.171025	  0.254846	  0.318855	  0.432232	   0.29342	  0.345107	  0.407872	  0.392478	  0.416638	  0.413481
     5		         0	0.00504811	 0.0023595	 0.0101815	  0.011174	 0.0353659	 0.0630382	 0.0366481	 0.0584784	 0.0622346	  0.129792	   0.27887	0.00927449	0.00844614	  0.019814	 0.0320048	 0.0685019	 0.0767414	 0.0816217	  0.161469	  0.178049	  0.233671	  0.334067	  0.366852	  0.350128	  0.436885	  0.384797	  0.408397	  0.402154	   0.45558
     6		 0.0057844	0.00339516	0.00718823	0.00937329	 0.0217859	 0.0281456	 0.0380254	 0.0359757	  0.050727	 0.0838408	 0.0959547	  0.157334	 0.0136797	 0.0184492	0.00744976	 0.0361668	 0.0518363	 0.0462762	  0.115365	  0.138048	  0.134247	  0.254859	  0.311136	  0.426505	  0.243789	  0.277205	  0.296535	  0.403125	  0.439534	  0.473296
     7		0.00285935	 0.0041512	0.00409418	 0.0096406	 0.0170298	 0.0275237	 0.0176228	 0.0322244	 0.0417633	 0.0722144	  0.117417	  0.173877	 0.0183225	 0.0158515	 0.0177705	 0.0303338	 0.0600247	 0.0734034	 0.0855236	  0.136681	  0.158223	  0.270919	  0.353303	  0.444728	  0.315394	  0.266769	  0.339219	  0.398198	  0.424199	   0.43104
     8		0.00292551	0.00587006	0.00356638	0.00745946	 0.0177956	 0.0127074	 0.0401938	 0.0228575	 0.0366964	 0.0830486	 0.0982891	  0.116047	0.00679716	 0.0194841	 0.0114012	 0.0385076	 0.0626522	   0.06214	  0.117043	 0.0932233	  0.207136	  0.264928	  0.289191	  0.536678	  0.423358	  0.292272	   0.36492	  0.409855	  0.405327	  0.348702
     9		0.00284143	0.00192287	0.00655651	0.00919602	 0.0164572	 0.0126253	 0.0323897	 0.0295266	 0.0538149	 0.0689389	  0.125094	  0.139026	 0.0150092	 0.0161395	 0.0302032	 0.0362978	 0.0553003	 0.0911825	  0.123142	  0.147207	  0.141508	  0.281128	  0.326989	   0.46011	  0.328982	  0.341719	  0.362241	  0.400987	   0.42429	  0.460783
    10		0.00304915	0.00417092	 0.0156156	 0.0084256	 0.0164654	 0.0300294	 0.0447521	 0.0318559	 0.0535551	  0.083294	  0.104075	 0.0392547	0.00760164	 0.0152844	 0.0339885	 0.0331579	  0.055971	 0.0625542	 0.0575617	  0.123047	  0.163399	  0.261483	  0.316624	  0.340814	  0.383428	  0.447741	  0.407726	  0.415697	  0.394314	  0.386763
    11		0.00298878	0.00549511	0.00762259	 0.0119589	 0.0222164	 0.0351703	 0.0116917	 0.0239792	 0.0383361	 0.0790678	  0.109529	  0.130179	0.00991153	 0.0183751	   0.01812	 0.0387246	 0.0556528	 0.0796992	 0.0625444	  0.149747	  0.162648	  0.265874	  0.314518	  0.373496	   0.42467	  0.379913	  0.449074	   0.40361	  0.375927	  0.399845
    12		         0	0.00562692	0.00852429	 0.0049582	 0.0221397	 0.0267073	 0.0389699	 0.0330475	 0.0523801	 0.0799614	  0.130838	  0.173634	 0.0106078	  0.020654	 0.0124649	 0.0409498	 0.0574726	 0.0649443	 0.0912976	  0.126838	  0.192381	  0.276735	  0.338247	  0.420051	  0.217392	  0.273188	  0.352975	  0.395353	  0.446818	  0.406381
    13		         0	0.00193401	0.00924616	0.00666485	 0.0141331	  0.013969	 0.0103663	 0.0413101	 0.0342325	 0.0756554	  0.125394	  0.046249	0.00629578	   0.01601	 0.0178609	 0.0291586	 0.0675515	 0.0360003	 0.0956067	  0.105553	  0.201416	  0.274265	  0.301045	  0.469961	  0.387197	  0.400231	  0.426058	  0.397069	  0.412757	  0.389313
    14		0.00313627	0.00360815	0.00484628	 0.0109999	 0.0161399	 0.0267802	0.00556961	 0.0120474	 0.0518037	 0.0800597	  0.115563	  0.195456	0.00688381	 0.0083819	  0.022534	 0.0282418	 0.0461697	 0.0709866	 0.0587554	  0.116883	  0.170555	  0.252261	  0.304888	  0.301726	  0.387822	  0.352192	  0.344023	  0.398179	  0.395806	   0.39699
    15		0.00292858	0.00197605	0.00253338	0.00978467	 0.0181223	 0.0473976	  0.039422	 0.0288963	 0.0428278	 0.0676478	  0.131556	  0.226867	 0.0076703	0.00434126	 0.0227544	 0.0431673	 0.0617459	 0.0889612	  0.118361	 0.0611654	  0.172443	  0.257307	  0.332015	   0.33949	  0.374587	  0.393527	  0.373972	  0.416102	  0.431915	  0.422022
    16		0.00295464	0.00190766	0.00679614	 0.0122695	 0.0170681	 0.0178781	 0.0188398	 0.0308037	 0.0456072	 0.0760178	  0.105395	 0.0514928	0.00745354	  0.013665	 0.0273305	 0.0307853	    0.0722	 0.0473029	 0.0831422	    0.0873	  0.203313	  0.275759	  0.330001	  0.411566	  0.342267	  0.404864	  0.390391	  0.420897	  0.409701	  0.396076
    17		         0	0.00202123	         0	 0.0140221	 0.0188874	  0.016234	 0.0151017	 0.0406413	 0.0372658	 0.0709322	   0.11194	  0.181551	 0.0115343	0.00984858	 0.0208879	 0.0505837	 0.0779123	 0.0831114	 0.0902042	  0.136767	  0.226693	  0.263778	   0.33648	  0.426575	  0.295912	  0.322836	  0.343424	  0.399287	  0.428316	   0.53205
    18		0.00305393	0.00168955	0.00926563	 0.0137149	 0.0177655	 0.0174872	  0.035183	 0.0380856	 0.0529268	 0.0707198	 0.0933246	   0.12611	 0.0116281	 0.0202874	 0.0362182	 0.0467393	 0.0621431	 0.0563665	 0.0608389	  0.107023	  0.184218	  0.277061	  0.319284	  0.423739	  0.289859	  0.406705	  0.356395	  0.399678	  0.412592	  0.448866
    19		         0	0.00573102	 0.0045571	 0.0111533	 0.0389748	 0.0236991	 0.0377006	 0.0415585	  0.049556	 0.0814219	 0.0940571	  0.215914	0.00360638	 0.0115002	 0.0302891	 0.0385866	 0.0862112	 0.0511502	  0.144898	   0.14202	  0.210675	  0.249129	  0.331317	  0.305741	  0.402739	  0.376202	  0.384475	  0.386975	  0.400616	  0.401706
    20		0.00319112	         0	         0	 0.0117405	 0.0187721	 0.0103307	  0.015306	  0.031093	 0.0616746	 0.0917613	  0.122493	  0.203865	 0.0106666	 0.0177269	 0.0175331	 0.0431544	 0.0726649	 0.0884286	  0.116854	  0.104226	  0.193066	  0.249184	  0.343144	  0.347505	   0.24072	  0.311772	  0.383603	  0.396279	  0.455568	  0.527527
    21		         0	0.00534573	0.00224233	0.00981558	 0.0162888	 0.0338143	 0.0318271	 0.0556324	 0.0608104	 0.0649704	   0.11929	 0.0858646	0.00421464	 0.0147901	 0.0106385	 0.0361076	 0.0700703	 0.0791518	  0.131403	  0.163193	  0.176225	  0.264947	  0.310079	  0.414241	  0.344502	  0.369521	  0.328461	  0.398951	  0.417401	  0.569884
    22		0.00294061	0.00402666	0.00993493	 0.0132838	 0.0137099	 0.0325954	 0.0435189	 0.0416737	 0.0495028	 0.0845183	  0.111516	 0.0763276	 0.0172075	  0.018185	 0.0214683	 0.0373089	 0.0610636	 0.0983772	  0.125234	  0.131921	  0.184505	  0.295214	  0.318995	   0.41271	   0.39617	  0.378886	  0.364165	  0.406305	  0.412065	  0.486875
    23		0.00618957	0.00555367	0.00677223	0.00583747	  0.014247	 0.0133297	 0.0186756	 0.0366418	 0.0769077	 0.0767078	  0.121204	  0.183426	 0.0188289	 0.0112737	 0.0166714	  0.034167	 0.0685203	 0.0887452	 0.0806438	  0.115684	  0.189165	  0.226138	  0.320617	  0.465336	   0.34224	  0.429852	   0.37932	  0.407939	  0.406483	  0.422296
    24		         0	         0	0.00263387	0.00750903	 0.0221161	  0.019123	 0.0216077	  0.033642	 0.0538096	 0.0722276	   0.10658	  0.136358	 0.0187076	  0.011053	 0.0203548	 0.0425551	 0.0583022	 0.0878937	  0.123377	  0.114044	  0.183754	  0.267305	  0.333094	  0.450288	  0.356782	  0.277542	  0.387539	  0.405364	  0.417636	  0.453605
    25		0.00601512	0.00348421	0.00247681	 0.0090249	 0.0238316	  0.015499	  0.027276	 0.0224779	 0.0509122	 0.0721756	  0.125244	 0.0685472	0.00728911	0.00696165	  0.012657	 0.0297415	 0.0543214	  0.051662	  0.107584	   0.12505	  0.219922	  0.271577	  0.322572	  0.371518	  0.346015	  0.373526	  0.347192	  0.428001	  0.408806	  0.440182
    26		0.00252244	0.00592273	 0.0116292	0.00810215	 0.0214208	 0.0109181	0.00581342	  0.035241	 0.0402252	 0.0687835	  0.123647	  0.152941	0.00342921	 0.0087691	 0.0191053	 0.0413444	 0.0692828	 0.0840073	 0.0750214	 0.0977617	  0.203555	  0.275366	  0.285529	  0.387447	   0.34151	  0.452639	  0.374894	  0.408988	   0.41691	  0.393361
    27		0.00629282	0.00194115	0.00894775	0.00768557	 0.0143898	 0.0314098	 0.0475377	0.00782134	 0.0463192	 0.0970244	  0.132332	 0.0708458	 0.0190284	   0.01644	 0.0318269	 0.0379249	  0.049599	 0.0880915	  0.117683	  0.159723	  0.189779	  0.271229	   0.34262	  0.353391	  0.339873	  0.269351	  0.277662	  0.392868	   0.46491	  0.548573
    28		0.00602929	0.00180399	0.00428307	 0.0098417	 0.0221745	 0.0317625	 0.0224283	  0.032452	 0.0411625	 0.0730129	  0.129992	  0.180009	 0.0151451	 0.0064369	0.00893915	 0.0321473	  0.073325	 0.0764211	 0.0514381	  0.111873	  0.211515	  0.246669	  0.346951	  0.382606	  0.451434	  0.399429	  0.378505	  0.409754	   0.37818	  0.490101
    29		0.00291571	0.00192072	0.00484058	 0.0070522	 0.0228058	 0.0304855	 0.0126942	  0.032858	 0.0333276	 0.0868532	  0.122705	  0.262033	 0.0064051	 0.0149644	 0.0286457	 0.0332231	 0.0665652	 0.0612854	 0.0945812	  0.149999	  0.167106	  0.259848	  0.344311	  0.447699	  0.292017	  0.285531	  0.373043	  0.395236	  0.457258	  0.527871
    30		 0.0058964	0.00879868	0.00482255	0.00815777	 0.0232991	 0.0275876	 0.0260846	 0.0540842	 0.0602767	   0.09609	   0.12175	  0.137216	 0.0136697	 0.0123239	 0.0124262	 0.0363943	 0.0594637	 0.0744128	 0.0741101	  0.106895	  0.205235	  0.260347	  0.337158	  0.483816	  0.379117	  0.386465	  0.378094	  0.417236	   0.41807	  0.479282
    31		0.00954537	 0.0120173	 0.0114315	0.00924467	 0.0127642	 0.0287334	 0.0278511	 0.0355744	 0.0534212	  0.094396	  0.106358	  0.111359	 0.0228962	 0.0177502	 0.0128372	 0.0323029	 0.0617268	 0.0837747	 0.0718629	  0.114087	  0.206865	  0.251824	  0.337735	   0.35017	  0.390431	  0.317885	   0.39755	  0.402182	   0.42716	  0.434887
    32		 0.0031846	0.00816068	0.00935218	 0.0138488	 0.0247853	 0.0267736	 0.0600624	 0.0275572	 0.0540163	 0.0859502	  0.141276	  0.263731	  0.014354	0.00819375	 0.0294961	 0.0382233	 0.0622507	 0.0896503	  0.121246	  0.134592	  0.166554	  0.279393	  0.352962	  0.450018	  0.377238	  0.427567	  0.384779	  0.430157	  0.422798	  0.475438
    33		         0	0.00135883	0.00466682	 0.0073652	 0.0213831	 0.0300232	0.00623542	 0.0297006	 0.0594372	 0.0675319	  0.115518	  0.122799	0.00681271	0.00990623	0.00787239	  0.033421	 0.0645687	 0.0601736	 0.0642659	  0.135682	   0.17654	  0.264384	  0.311076	   0.35176	   0.36946	  0.304581	  0.374659	  0.412549	  0.399745	  0.366801
    34		0.00331999	         0	0.00229166	0.00888408	 0.0121794	 0.0183764	 0.0113801	 0.0220246	 0.0381107	 0.0766837	  0.139334	  0.120008	 0.0151834	 0.0126811	 0.0182151	 0.0358314	 0.0694933	 0.0588519	  0.093463	   0.12215	  0.187637	  0.247736	  0.339805	  0.331334	  0.257909	  0.411202	  0.402921	  0.397321	  0.380182	  0.419807
    35		         0	0.00197096	0.00653736	0.00874296	  0.010085	  0.019159	 0.0240957	 0.0259747	 0.0733396	 0.0758202	  0.114381	  0.276978	0.00406056	 0.0062895	 0.0218148	 0.0321306	 0.0524729	 0.0888467	  0.135391	  0.149688	  0.221148	  0.261809	  0.356419	   0.39853	  0.390809	  0.178803	  0.313106	  0.401323	  0.477228	  0.462675
    36		  0.005775	0.00192796	 0.0025238	0.00881371	 0.0243166	         0	 0.0196968	 0.0404952	 0.0597374	 0.0645392	  0.108907	   0.22081	 0.0147522	0.00656056	 0.0106421	 0.0320242	 0.0642988	 0.0689942	 0.0753614	  0.169622	  0.237574	  0.240121	  0.318218	  0.288342	  0.474729	  0.407564	  0.406288	  0.406541	  0.422972	  0.413283
    37		0.00594638	0.00192006	0.00472607	0.00808258	 0.0145321	 0.0255056	 0.0237413	 0.0377708	 0.0666007	 0.0613418	   0.11063	  0.144813	 0.0104844	0.00923926	 0.0166918	 0.0321373	 0.0443596	 0.0461304	 0.0462627	  0.147401	  0.186874	   0.25147	  0.310827	  0.304599	  0.330956	  0.293947	  0.410234	  0.413519	  0.432981	  0.470451
    38		0.00306953	0.00535254	0.00704078	0.00787099	   0.01002	 0.0326445	 0.0397843	 0.0447707	 0.0311834	  0.065768	 0.0877331	  0.173737	  0.003689	 0.0102403	 0.0140208	 0.0291736	 0.0379626	 0.0881947	 0.0502703	  0.120601	   0.13059	   0.24846	  0.279392	  0.286666	  0.275317	  0.362239	  0.403016	  0.392606	  0.430082	  0.483613
    39		0.00647455	 0.0036252	 0.0064015	0.00652822	 0.0118079	 0.0221565	 0.0208757	 0.0524712	 0.0622929	 0.0690773	  0.112222	 0.0889531	 0.0125169	 0.0177511	 0.0186285	 0.0391263	 0.0805067	 0.0388598	  0.103949	  0.109707	  0.226442	  0.271741	   0.32895	  0.498451	  0.189709	  0.236347	   0.36584	  0.399405	  0.454565	  0.566723
    40		0.00296642	0.00380262	0.00236275	0.00985923	 0.0178637	 0.0265182	 0.0280843	 0.0420046	 0.0524728	  0.087001	   0.11924	 0.0785047	0.00367541	 0.0124153	 0.0125763	 0.0278575	 0.0655139	 0.0603958	  0.107457	   0.12686	  0.166679	  0.264013	  0.326515	  0.370088	  0.244296	  0.356618	  0.396734	  0.412561	  0.421891	  0.507034
    41		0.00640348	0.00972938	0.00230775	 0.0134978	 0.0166278	 0.0223368	 0.0290849	 0.0451661	 0.0435424	 0.0824934	  0.109621	  0.171468	 0.0117806	 0.0130022	 0.0187189	 0.0450321	 0.0551135	 0.0539102	  0.116326	  0.102934	  0.186377	  0.275529	  0.316846	  0.348185	  0.455514	  0.414289	  0.409921	  0.403701	  0.398308	  0.348954
    42		0.00823094	 0.0039119	 0.0065785	 0.0147107	 0.0214149	 0.0235716	 0.0400269	  0.032192	 0.0360284	 0.0662313	  0.102396	  0.223988	 0.0170718	 0.0155398	 0.0220438	 0.0339241	 0.0708889	  0.102966	  0.108533	  0.105746	  0.209838	  0.270694	  0.297901	  0.415342	  0.315895	  0.347694	  0.391312	   0.38681	  0.414562	  0.458655
    43		0.00635448	0.00193583	0.00209552	0.00840508	 0.0167074	 0.0236331	 0.0178983	 0.0438583	   0.06172	 0.0943951	  0.110717	  0.136543	 0.0158691	0.00779844	  0.025193	 0.0402816	 0.0445741	 0.0959255	   0.10945	  0.161285	  0.179124	  0.274837	  0.304128	  0.362986	  0.265961	  0.289862	  0.361851	  0.431868	  0.467519	  0.420515
    44		0.00317942	0.00159461	0.00226601	0.00943828	 0.0239503	 0.0144776	  0.011788	 0.0308505	 0.0506944	 0.0789613	  0.130334	  0.171101	0.00758979	 0.0122302	  0.012555	 0.0347046	 0.0593044	 0.0667137	 0.0660582	 0.0948456	  0.191459	  0.233123	  0.295348	  0.376674	  0.394231	  0.388979	  0.381482	  0.421201	  0.423244	  0.426527
    45		 0.0082581	0.00203031	0.00874129	 0.0039166	 0.0227973	 0.0364881	  0.017395	 0.0345727	 0.0584654	 0.0844855	  0.102798	   0.34031	 0.0246815	0.00692023	 0.0245464	 0.0368383	 0.0435135	 0.0825558	 0.0405267	  0.146054	  0.159686	  0.255567	  0.354075	  0.472152	   0.38686	  0.349813	  0.376351	  0.415529	  0.441397	  0.559672
    46		0.00330497	0.00164861	 0.0125395	0.00353198	 0.0148158	   0.01257	  0.036451	 0.0154009	 0.0374689	 0.0727028	  0.112375	 0.0929114	0.00840547	0.00399113	 0.0316303	 0.0295383	 0.0614665	 0.0604594	 0.0579582	  0.138134	  0.156696	  0.256984	  0.324214	  0.266219	  0.580915	  0.358887	  0.403761	  0.404993	  0.387931	  0.393822
    47		         0	0.00189279	0.00492412	0.00939033	 0.0106071	 0.0109352	 0.0277085	 0.0267045	 0.0461225	 0.0751455	  0.148206	  0.331471	 0.0114781	 0.0128764	 0.0160824	 0.0326925	 0.0543094	 0.0683895	 0.0943449	  0.143929	   0.17138	  0.269847	  0.339862	  0.305258	  0.344758	  0.378636	  0.422139	   0.41887	  0.400448	  0.424914
    48		0.00801498	0.00567556	0.00435682	0.00741479	 0.0185756	  0.031632	 0.0486349	 0.0317693	 0.0488773	 0.0792764	  0.100044	  0.147323	 0.0184159	 0.0209134	 0.0298787	 0.0411146	 0.0475376	  0.063784	 0.0905912	  0.127155	  0.228425	  0.276895	  0.322629	  0.329365	  0.426688	  0.389222	   0.39208	  0.405458	  0.397117	  0.477521
    49		0.00289174	 0.0090465	 0.0043998	0.00707789	 0.0142357	 0.0298608	 0.0337833	 0.0306734	 0.0356936	 0.0758161	  0.125519	  0.119902	0.00333472	 0.0193601	  0.017342	 0.0396314	  0.040197	 0.0992689	 0.0932724	  0.118845	  0.190168	   0.27955	  0.309571	  0.372337	  0.181832	  0.247427	  0.328496	  0.396873	    0.4615	    0.5512
