     0		       157	       193	       109	         5	       362	       243	       146	        61	       576	       130	        38	       111	        12	        36	        13	         1	        51	        39	        41	        14	        61	        23	        27	        49	        21	         4	        76	         4	        62	         5	       109	        55	        78	         7	        71	       150
     1		       152	       189	       107	         1	       386	       273	       159	        68	       609	       130	        43	       151	        26	        34	        12	         0	        28	        44	        22	         9	        45	         7	        26	        44	        33	         1	        63	         2	        58	         4	       111	        34	        96	         5	        81	       146
     2		       164	       183	       109	         4	       379	       258	       155	        41	       558	       123	        55	       135	        24	        43	        16	         0	        49	        41	        38	        13	        42	        20	        18	        43	        27	         3	        63	         0	        64	        14	       142	        36	        76	         4	        76	       154
     3		       123	       203	       106	         4	       361	       275	       139	        49	       575	       136	        54	       160	        15	        40	        11	         1	        40	        36	        45	        16	        40	        20	        15	        41	        38	         4	        64	         0	        51	         4	       133	        33	        85	         6	        64	       180
     4		       159	       193	       129	         4	       412	       248	       175	        59	       586	       130	        40	       148	        23	        30	        11	         0	        44	        45	        33	        12	        51	        16	        20	        40	        18	         6	        76	         0	        56	        10	       145	        32	        88	         8	        60	       158
     5		       169	       180	       105	         1	       386	       234	       134	        50	       576	       156	        52	       122	        20	        36	        14	         1	        50	        51	        37	        10	        44	        14	        17	        64	        26	         7	        66	         3	        66	        11	       145	        29	        88	         6	        60	       150
     6		       159	       190	       103	         2	       398	       248	       174	        56	       579	       141	        48	       145	        15	        39	        11	         1	        34	        46	        45	        14	        49	        22	        15	        56	        30	         1	        64	         2	        53	         7	       136	        43	        91	         6	        55	       140
     7		       170	       199	       107	         3	       361	       240	       157	        65	       547	       134	        44	       144	        24	        35	        17	         0	        49	        36	        49	        12	        48	        22	        25	        54	        24	         3	        64	         2	        63	         7	       138	        43	        78	         8	        52	       151
     8		       171	       186	        84	         4	       367	       228	       167	        62	       565	       130	        60	       137	        15	        37	         9	         1	        35	        36	        32	         9	        48	        24	        15	        45	        26	         3	        84	         1	        60	         9	       144	        40	        97	         5	        72	       173
     9		       164	       176	       108	         0	       380	       243	       170	        59	       604	       140	        54	       166	        15	        41	        15	         1	        45	        45	        38	        20	        46	        21	        23	        41	        28	         2	        73	         0	        56	         8	       114	        40	        92	         6	        60	       160
    10		       187	       184	       112	         7	       367	       232	       147	        52	       555	       122	        53	       143	        26	        32	        14	         0	        36	        36	        45	        16	        50	        23	        21	        46	        25	         2	        73	         1	        57	         6	       131	        35	       115	        12	        72	       151
    11		       156	       191	       105	         7	       377	       231	       178	        62	       598	       132	        44	       122	        14	        33	        17	         1	        44	        59	        33	        15	        57	        16	        21	        53	        27	         1	        82	         0	        60	        10	       145	        35	        92	         3	        80	       165
    12		       165	       184	        97	         7	       368	       295	       155	        49	       588	       135	        43	       150	        27	        36	        10	         1	        44	        32	        38	        15	        50	        20	        18	        49	        15	         8	        81	         0	        74	         5	       138	        32	        86	         5	        69	       167
    13		       153	       175	       111	         3	       414	       236	       147	        52	       578	       130	        43	       134	        23	        41	        14	         0	        50	        57	        31	        13	        57	        23	        14	        43	        15	         4	        67	         2	        65	         8	       136	        40	        70	        10	        81	       144
    14		       163	       180	        95	         1	       391	       244	       163	        42	       559	       113	        50	       145	        25	        41	        12	         0	        50	        40	        35	         6	        41	        16	        17	        46	        40	         6	        58	         3	        60	         4	       121	        37	        78	         5	        59	       114
    15		       161	       160	       111	         3	       382	       248	       182	        56	       592	       156	        54	       136	        18	        47	        13	         0	        44	        41	        38	        15	        59	        22	        22	        47	        31	         4	        63	         4	        61	        11	       142	        36	        64	         6	        59	       136
    16		       176	       163	        87	         0	       357	       268	       155	        58	       556	       138	        46	       128	        17	        32	        14	         1	        46	        46	        33	        14	        50	        22	        24	        53	        23	         4	        64	         3	        70	        10	       145	        44	        81	         2	        71	       145
    17		       148	       190	       106	         3	       412	       255	       157	        61	       604	       133	        42	       133	        18	        39	        14	         0	        38	        51	        38	        12	        44	        19	        14	        44	        30	         4	        62	         2	        59	         7	       132	        41	        92	         6	        70	       145
    18		       167	       195	       106	         3	       379	       237	       176	        50	       560	       143	        55	       120	        16	        34	        16	         0	        33	        22	        55	        18	        51	        14	        14	        54	        23	         3	        74	         1	        57	         5	       135	        29	        85	        10	        67	       175
    19		       166	       168	       124	         1	       364	       255	       159	        45	       583	       147	        38	       121	        17	        46	        14	         0	        44	        38	        28	        15	        50	        18	        21	        57	        24	         4	        68	         1	        55	         7	       148	        38	        79	        12	        76	       157
    20		       166	       172	       102	         5	       399	       269	       159	        53	       570	       121	        55	       137	        19	        26	        14	         0	        53	        41	        38	         5	        43	        20	        23	        44	        21	         3	        73	         0	        68	         2	       138	        36	        88	        10	        79	       147
    21		       177	       205	       101	         4	       379	       279	       166	        51	       574	       127	        48	       133	        21	        33	        14	         0	        52	        52	        36	        15	        42	        26	        22	        46	        29	         2	        78	         2	        56	         6	       126	        37	        80	         3	        55	       173
    22		       158	       183	       101	         2	       385	       255	       150	        51	       571	       160	        57	       145	        22	        37	        12	         0	        52	        39	        29	         4	        53	        17	        18	        57	        35	         4	        61	         0	        45	        11	       126	        40	        88	         4	        58	       142
    23		       164	       191	        98	         2	       357	       272	       154	        51	       612	       129	        45	       129	        25	        32	        13	         1	        54	        46	        39	         9	        49	        13	        20	        52	        26	         6	        59	         1	        60	         7	       149	        45	        72	         8	        55	       148
    24		       169	       166	        94	         5	       380	       262	       149	        69	       539	       142	        36	       160	        21	        30	        18	         0	        56	        49	        47	        12	        63	        13	        15	        39	        32	         3	        75	         4	        59	        10	       127	        45	        76	        10	        62	       151
    25		       178	       192	       103	         2	       382	       255	       149	        56	       549	       133	        45	       135	        27	        33	        17	         1	        52	        45	        20	         5	        45	        15	        21	        51	        28	         4	        79	         0	        60	         3	       137	        40	        74	         8	        68	       145
    26		       147	       185	       100	         4	       359	       282	       179	        61	       570	       109	        42	       109	        19	        43	        10	         0	        48	        42	        24	        13	        59	        20	        20	        55	        25	         8	        68	         3	        59	         4	       130	        40	        75	         5	        67	       176
    27		       169	       188	       106	         2	       414	       257	       148	        47	       583	       129	        40	       113	        20	        44	        13	         0	        37	        46	        39	        10	        43	        16	        13	        48	        28	         3	        62	         2	        61	         6	       119	        51	        84	         8	        60	       158
    28		       168	       182	       104	         3	       378	       275	       158	        55	       571	       150	        52	       124	        18	        44	        12	         0	        44	        41	        29	        15	        56	        19	        17	        49	        28	         3	        66	         4	        55	        10	       121	        47	        86	         8	        70	       170
    29		       164	       172	        82	         9	       412	       271	       171	        45	       544	       131	        38	       155	        22	        43	        20	         0	        47	        40	        42	        14	        41	        20	        22	        43	        27	         4	        66	         0	        55	         8	       146	        40	        85	         1	        79	       146
    30		       154	       205	       100	         2	       418	       249	       156	        52	       576	       119	        54	       146	        29	        45	        14	         0	        37	        39	        32	        14	        42	        14	        21	        56	        22	         7	        79	         3	        53	         8	       133	        32	        81	         6	        79	       157
    31		       213	       200	       117	         4	       360	       244	       155	        62	       572	       121	        51	       149	        22	        45	        16	         0	        33	        32	        26	        15	        47	        15	        17	        55	        26	         2	        75	         1	        59	         8	       115	        38	        78	         5	        65	       181
    32		       189	       185	       105	         3	       367	       242	       158	        57	       558	       155	        48	       137	        24	        35	         6	         1	        39	        44	        31	        13	        49	        10	        21	        44	        25	         6	        64	         2	        58	         5	       139	        34	        87	         4	        54	       140
    33		       177	       191	       124	         4	       388	       274	       147	        47	       543	       128	        41	       158	        25	        37	        19	         2	        40	        36	        38	         8	        44	        23	        21	        57	        32	         4	        67	         1	        62	         5	       137	        47	        90	         6	        75	       160
    34		       176	       192	       100	         5	       357	       235	       154	        46	       585	       136	        45	       150	        17	        30	        10	         0	        61	        42	        42	        13	        40	        19	        14	        43	        29	         4	        64	         1	        60	        12	       147	        42	        93	         4	        57	       144
    35		       158	       183	        97	         1	       357	       285	       178	        60	       568	       126	        54	       125	        18	        38	        22	         0	        35	        54	        35	        11	        62	        17	        19	        53	        26	         2	        77	         2	        56	         5	       126	        36	        77	         8	        67	       147
    36		       180	       177	       103	         3	       384	       241	       177	        50	       554	       112	        56	       139	        14	        41	         9	         1	        65	        52	        37	        15	        34	        33	        24	        46	        25	         7	        75	         1	        71	         4	       141	        41	        95	         6	        73	       159
    37		       176	       174	       106	         2	       374	       247	       157	        55	       567	       154	        55	       157	        21	        35	        13	         1	        41	        53	        38	         8	        48	        15	        23	        43	        19	         2	        72	         2	        65	         7	       148	        47	        81	         6	        77	       146
    38		       169	       193	       101	         4	       372	       270	       148	        52	       619	       136	        52	       151	        14	        36	        13	         1	        38	        30	        55	        12	        45	        18	        15	        43	        21	         1	        72	         0	        62	        11	       119	        35	        81	        11	        66	       114
    39		       161	       176	       117	         6	       356	       261	       128	        52	       544	       122	        58	       142	        18	        40	        20	         0	        42	        32	        35	         8	        44	        17	        15	        54	        19	         5	        90	         0	        67	         8	       120	        41	       100	         8	        62	       160
    40		       161	       198	       123	         3	       348	       295	       138	        57	       566	       152	        39	       149	        14	        44	        19	         0	        47	        43	        38	        17	        43	        19	        24	        46	        23	         5	        66	         2	        56	         7	       131	        44	        95	         8	        88	       152
    41		       174	       170	       111	         3	       361	       247	       152	        52	       585	       137	        50	       153	        20	        31	        19	         2	        46	        44	        40	         7	        54	        18	        27	        46	        22	         5	        89	         0	        48	         8	       131	        39	        85	         5	        51	       148
    42		       171	       197	        89	         4	       383	       256	       147	        49	       579	       134	        46	       130	        16	        32	        15	         1	        45	        43	        46	        11	        50	        17	        16	        53	        33	         4	        79	         2	        48	        10	       118	        38	        96	         3	        63	       152
    43		       180	       183	       114	         1	       357	       267	       140	        48	       548	       129	        53	       137	        20	        39	        12	         0	        33	        36	        33	        11	        47	        27	        22	        54	        23	         6	        80	         1	        51	         4	       139	        36	        72	         4	        70	       152
    44		       173	       170	       106	         7	       372	       243	       148	        59	       551	       142	        58	       135	        15	        59	        15	         1	        37	        52	        27	        13	        59	        13	        16	        48	        28	         6	        85	         1	        62	        12	       131	        36	        85	         7	        52	       150
    45		       167	       182	        92	         4	       354	       260	       146	        51	       572	       137	        53	       157	        33	        40	        15	         1	        51	        29	        34	        11	        39	        19	        18	        47	        26	         3	        64	         3	        54	         4	       160	        46	        87	         6	        80	       122
    46		       153	       196	       100	         4	       373	       261	       175	        53	       532	       132	        57	       148	        25	        44	        11	         0	        37	        45	        36	        10	        48	        14	        18	        51	        34	         5	        69	         0	        68	         7	       125	        44	        92	         8	        70	       163
    47		       157	       184	       108	         1	       377	       250	       158	        52	       579	       126	        49	       136	        20	        51	        13	         2	        41	        39	        28	        13	        47	        10	        15	        53	        24	         2	        72	         0	        56	         7	       133	        39	        75	        11	        75	       166
    48		       167	       193	       109	        11	       363	       270	       166	        53	       604	       147	        52	       119	        18	        37	        18	         0	        43	        47	        27	         5	        53	        20	        17	        49	        31	         2	        67	         0	        60	        10	       142	        41	        83	         4	        50	       149
    49		       149	       182	       107	         3	       362	       238	       163	        46	       591	       136	        46	       129	        17	        39	         9	         1	        42	        48	        32	        14	        59	        21	        18	        46	        27	         2	        54	         4	        57	        17	       135	        46	        73	         9	        69	       166
