ANC data (sentinel)
1993	32	0.410	0.763	0.988	0.000400	0.000064	1	0.120
1994	52	0.192	0.763	0.988	0.000400	0.000064	1	0.000
1996	766	0.120	0.866	1.000	0.014641	0.000000	1	0.184
1996	327	0.129	0.763	0.988	0.000400	0.000064	1	0.156
1999	245	0.110	0.855	0.996	0.013456	0.000025	1	0.450
2001	185	0.135	1.000	1.000	0.000000	0.000000	0	0.000
2002	449	0.110	0.855	0.996	0.013456	0.000025	1	0.430
2002	343	0.117	0.855	0.996	0.013456	0.000025	0	0.000
2002	48	0.083	0.868	0.993	0.011025	0.000081	1	0.333
2005	219	0.187	0.855	0.996	0.013456	0.000025	1	0.091
2008	1459	0.178	0.868	0.993	0.011025	0.000081	1	0.386
FPC data
1994	249	0.120	0.866	1.000	0.014641	0.000000	0	0.000
1994	189	0.080	0.763	0.988	0.000400	0.000064	1	0.240
1994	55	0.127	0.763	0.988	0.000400	0.000064	1	0.000
1994	40	0.150	0.763	0.988	0.000400	0.000064	1	0.100
1995	210	0.181	0.866	1.000	0.014641	0.000000	1	0.224
1999	539	0.141	0.866	1.000	0.014641	0.000000	0	0.000
2002	226	0.088	0.868	0.993	0.011025	0.000081	1	0.455
GUD data
CSW data
1996	145	0.164	0.763	0.988	0.000400	0.000064	1	0.503
1996	407	0.143	0.866	1.000	0.014641	0.000000	0	0.000
1996	295	0.084	0.866	1.000	0.014641	0.000000	1	0.464
1998	121	0.091	0.866	1.000	0.014641	0.000000	1	0.686
2000	93	0.129	0.866	1.000	0.014641	0.000000	0	0.000
2000	310	0.170	0.866	1.000	0.014641	0.000000	0	0.000
2001	101	0.080	0.866	1.000	0.014641	0.000000	1	0.780
Household data (sentinel)
1995	140	0.064	0.866	1.000	0.014641	0.000000	1	0.134	1	7	0
1998	712	0.081	0.866	1.000	0.014641	0.000000	1	0.374	1	9	0
1999	622	0.146	0.866	1.000	0.014641	0.000000	1	0.344	1	2	1
2000	893	0.138	0.866	1.000	0.014641	0.000000	0	0.000	1	7	0
2001	878	0.120	0.866	1.000	0.014641	0.000000	1	0.450	1	9	0
2002	492	0.069	0.833	0.995	0.019321	0.000049	1	0.257	1	7	0
2002	2624	0.091	0.833	0.995	0.019321	0.000049	1	0.119	1	1	0
2002	2002	0.108	0.833	0.995	0.019321	0.000049	1	0.307	2	2	0
2002	399	0.065	0.833	0.995	0.019321	0.000049	1	0.358	2	7	0
2010	329	0.231	0.939	0.995	0.002025	0.000001	0	0.000	1	1	1
ANC data (national)
Household data (national)