ANC data (sentinel)
FPC data
GUD data
CSW data
Household data (sentinel)
1995	90	0.056	0.875	1.000	0.014641	0.000000	1	0.058	1	7	0
1998	475	0.052	0.875	1.000	0.014641	0.000000	1	0.215	1	9	0
1999	560	0.048	0.875	1.000	0.014641	0.000000	1	0.094	1	2	1
2000	606	0.124	0.875	1.000	0.014641	0.000000	0	0.000	1	7	0
2001	532	0.070	0.875	1.000	0.014641	0.000000	1	0.200	1	9	0
2002	438	0.062	0.840	0.993	0.019881	0.000081	1	0.174	1	7	0
2002	2389	0.035	0.840	0.993	0.019881	0.000081	1	0.046	1	1	0
2002	1455	0.101	0.840	0.993	0.019881	0.000081	1	0.122	2	2	0
2002	291	0.082	0.840	0.993	0.019881	0.000081	1	0.302	2	7	0
2010	330	0.082	0.939	0.995	0.002025	0.000001	0	0.000	1	1	1
ANC data (national)
Household data (national)