     0		         0	         0	         0	         0	         0	   10046.9	   9999.61	   34996.3	   65645.1	    133751	    193191	    239699	    305041	    318993	    337269	    347087	    368491	    378165	    397826	    395829	    383315	    376914	    387777	    388172	    426930	    419071	    408328	    384829	    412822	    438721	    453145	    494851	    493893	    504134	    493356	    507240
     1		         0	         0	         0	         0	         0	   9578.51	   14641.6	   30968.7	   77786.2	    164488	    219522	    256821	    282434	    287016	    312125	    330064	    373023	    398027	    385322	    393140	    415778	    421445	    414294	    410359	    400701	    416508	    426150	    440673	    433772	    435908	    453487	    465646	    485704	    483709	    495729	    480696
     2		         0	         0	         0	         0	         0	   8170.09	      6627	   12062.9	   15084.3	   38468.1	   88426.9	    134730	    177571	    215570	    260320	    305301	    350654	    356107	    367872	    409152	    425849	    417588	    403955	    418755	    438916	    450151	    469639	    505273	    517294	    537876	    533916	    556094	    566004	    573113	    564350	    575534
     3		         0	         0	         0	         0	         0	   9906.82	   12807.7	   16463.8	   27331.8	   74980.2	    120953	    169975	    220363	    242557	    293604	    342625	    358680	    344870	    370613	    387319	    373371	    385719	    361709	    379233	    377203	    371326	    416847	    439705	    455418	    459608	    468810	    477181	    469155	    477233	    508887	    487534
     4		         0	         0	         0	         0	         0	      7864	   4890.82	   11466.5	   40618.7	    103393	    166937	    242416	    277418	    313437	    345790	    348957	    373043	    377896	    410528	    442117	    435662	    436611	    431408	    425375	    433624	    434469	    433581	    437832	    468273	    467376	    470035	    469803	    517801	    537230	    564260	    570895
     5		         0	         0	         0	         0	         0	    8327.4	   13763.1	   44256.1	   90213.6	    148106	    183017	    234717	    270813	    300184	    334713	    343237	    394095	    403832	    399396	    393236	    412972	    432355	    418234	    426221	    432887	    410565	    408831	    422726	    427631	    454194	    449576	    459466	    478515	    490055	    510567	    527371
     6		         0	         0	         0	         0	         0	   6451.81	   6295.84	   11286.3	   15925.7	     21455	   43850.6	     87684	    127159	    194459	    217317	    248856	    313467	    347815	    354810	    373082	    372452	    386813	    400071	    422976	    429749	    461834	    472127	    480970	    488400	    508003	    538731	    531469	    550138	    568859	    564703	    573290
     7		         0	         0	         0	         0	         0	   3290.81	   3344.78	   20256.3	   70894.6	    123090	    178355	    231549	    298410	    326383	    344584	    375277	    393842	    406342	    413257	    415915	    441463	    464276	    485613	    451592	    464111	    498516	    492571	    533899	    540111	    543222	    550541	    554107	    577722	    601727	    613370	    629714
     8		         0	         0	         0	         0	         0	   8472.69	   8844.61	   7177.64	   12471.4	   23235.2	   45157.1	    101874	    157666	    182116	    239252	    275246	    289556	    316114	    317943	    343790	    345924	    345528	    376857	    388974	    411810	    407537	    430319	    431344	    430207	    449307	    456193	    441970	    477202	    482221	    497727	    496196
     9		         0	         0	         0	         0	         0	   6302.18	   9351.34	   32479.4	    100621	    133727	    214970	    248951	    270130	    325611	    315095	    333251	    326566	    330412	    371845	    355607	    372263	    379879	    368746	    361337	    381880	    400435	    400903	    416583	    426649	    455738	    481935	    510039	    499876	    526879	    558946	    552529
    10		         0	         0	         0	         0	         0	    9884.1	   12010.9	   24062.4	   41894.9	   87335.1	    145930	    188136	    215998	    219961	    231898	    243609	    299276	    348819	    371169	    362565	    364806	    378532	    369611	    396580	    433541	    411302	    438866	    480721	    463326	    441239	    473276	    484112	    491919	    497914	    485947	    482663
    11		         0	         0	         0	         0	         0	   6187.43	   1322.08	   6550.94	   15215.6	   76129.7	    110373	    162838	    197067	    226288	    249112	    267631	    302614	    322306	    312541	    320586	    342315	    352715	    353264	    377635	    399898	    403308	    401740	    396532	    395049	    422392	    425278	    434952	    434514	    446215	    448054	    463521
    12		         0	         0	         0	         0	         0	   11295.1	   9900.93	   13074.2	   14954.5	   35721.1	   58300.4	   85389.7	    132876	    168065	    214456	    239359	    264879	    297885	    288260	    310659	    325610	    310931	    339752	    370414	    367612	    407383	    422030	    418715	    436992	    447172	    450563	    479986	    483313	    476669	    495216	    491835
    13		         0	         0	         0	         0	         0	   1674.93	   3414.96	   17091.9	   32857.1	   80244.5	    127053	    164644	    192650	    237844	    259879	    264788	    298781	    312451	    339747	    344622	    359958	    390821	    399048	    416771	    449906	    446000	    458082	    464055	    464250	    460375	    470015	    448801	    460378	    458721	    469933	    489545
    14		         0	         0	         0	         0	         0	   4937.65	   5077.84	   10205.8	   10469.2	   10242.7	   12211.3	   24542.5	   32092.1	   80598.9	    118729	    177572	    196124	    229013	    241414	    276362	    292165	    297826	    319114	    343898	    355048	    372847	    391511	    418536	    405583	    437337	    430911	    441211	    464807	    478334	    486278	    482290
    15		         0	         0	         0	         0	         0	   3311.92	   8614.16	   18486.6	   56352.4	   94193.5	    146762	    202555	    223071	    246948	    265256	    288362	    294002	    330903	    337623	    346112	    324936	    317990	    330693	    345209	    355076	    377541	    408611	    430520	    441873	    454481	    461775	    456014	    449543	    449856	    475532	    476481
    16		         0	         0	         0	         0	         0	   8557.15	   13623.7	   24266.1	   57641.8	    100416	    153468	    187697	    218533	    251032	    295927	    309438	    311366	    314743	    317549	    329925	    336099	    322684	    368950	    382017	    408772	    414064	    437588	    472730	    485898	    467583	    484883	    496004	    525184	    524874	    532495	    547437
    17		         0	         0	         0	         0	         0	   13025.8	   13081.3	   33638.4	   41073.2	   93574.8	    169148	    247463	    295026	    285409	    306284	    298262	    357053	    378366	    390412	    391340	    414555	    385966	    395978	    411424	    422167	    431948	    439974	    454402	    468704	    467701	    463211	    477395	    496467	    522101	    508352	    511079
    18		         0	         0	         0	         0	         0	         0	         0	   8059.61	   36559.4	   85617.8	    124052	    173320	    206969	    249264	    308185	    345709	    365490	    337873	    332552	    387016	    397936	    411709	    413341	    406457	    412253	    413151	    422063	    431001	    426175	    454516	    479474	    490110	    506910	    553388	    537375	    539171
    19		         0	         0	         0	         0	         0	     11601	     14917	   34323.8	     64302	    130140	    150978	    198390	    257401	    277914	    307090	    314861	    327025	    338056	    348709	    354159	    366474	    410946	    389752	    384737	    408469	    413034	    442414	    459211	    453111	    468717	    499743	    503150	    503825	    509845	    515146	    543457
    20		         0	         0	         0	         0	         0	   8175.93	   8213.11	   10378.7	   9964.28	   10049.3	   12318.2	   44507.3	   81432.3	    106686	    144690	    208599	    232218	    264068	    253713	    303977	    298967	    322619	    319758	    340332	    362294	    380862	    376054	    393098	    419679	    439991	    430917	    461955	    493323	    503484	    517962	    533637
    21		         0	         0	         0	         0	         0	   6741.33	   6284.06	   7902.37	   18471.3	   35891.3	   84906.2	    138434	    172918	    225219	    244185	    270535	    279201	    292052	    307404	    313426	    340210	    378478	    395015	    390265	    373045	    389267	    391350	    410680	    440041	    451087	    466184	    467467	    478231	    486871	    491899	    509972
    22		         0	         0	         0	         0	         0	   11602.5	   23008.9	    102186	    203686	    231281	    254470	    282106	    291616	    311420	    341150	    358458	    379296	    373328	    372496	    375966	    367778	    404973	    376300	    394944	    409284	    392454	    393614	    433561	    448649	    446841	    481486	    499778	    516791	    521343	    501960	    518126
    23		         0	         0	         0	         0	         0	   9804.44	   8460.33	   16876.2	   25347.8	   49789.2	    108892	    219364	    267647	    298146	    307620	    328635	    344832	    356944	    368496	    377248	    353800	    355452	    394715	    426574	    431684	    436103	    442362	    461977	    484800	    509029	    532289	    561065	    545867	    565192	    561396	    581117
    24		         0	         0	         0	         0	         0	   4822.66	   6663.72	   12013.4	   41346.2	   71443.8	   97642.1	    123432	    176158	    197136	    231439	    257362	    272632	    293429	    298918	    327611	    357670	    340090	    353623	    380810	    377382	    389972	    401321	    419134	    420024	    424950	    441664	    473715	    482400	    507640	    489590	    523413
    25		         0	         0	         0	         0	         0	   11169.8	   19398.5	   30142.6	   61974.2	     84932	    118806	    186000	    237071	    269306	    315070	    346681	    391480	    371930	    395605	    391615	    398223	    412445	    401906	    415799	    387466	    388313	    423299	    430305	    430041	    453078	    451024	    478549	    499162	    497758	    500152	    534831
    26		         0	         0	         0	         0	         0	   4742.62	   7813.77	   7879.75	   15080.8	   36236.9	   75500.7	    127434	    176233	    220957	    237926	    271161	    316582	    327463	    350341	    367924	    338011	    344117	    349807	    342093	    369143	    380952	    396860	    426577	    442962	    460188	    451491	    462568	    447585	    441922	    450255	    472191
    27		         0	         0	         0	         0	         0	   4789.55	   6494.43	   21520.5	   53889.4	   93726.2	    160781	    234354	    268201	    279189	    302987	    322119	    342725	    354962	    366400	    343833	    356189	    386309	    416059	    408001	    418469	    422207	    425999	    432192	    448933	    487942	    479258	    488729	    481150	    481385	    478802	    479325
    28		         0	         0	         0	         0	         0	   13089.9	   18142.5	   45677.7	   76298.4	    144993	    191066	    232683	    277023	    330776	    355948	    384132	    422178	    440420	    426956	    446672	    448573	    451535	    450498	    423276	    425194	    417141	    425822	    455396	    482732	    483412	    500617	    493830	    521537	    555120	    552917	    557846
    29		         0	         0	         0	         0	         0	   6523.74	   8262.75	   11881.5	   33544.4	     59111	     84525	    159467	    220869	    283545	    290103	    339167	    334545	    388074	    407060	    435989	    441898	    468188	    495135	    512898	    507843	    514336	    504563	    491253	    508402	    526955	    540089	    557432	    550049	    580279	    595612	    614033
    30		         0	         0	         0	         0	         0	   4963.74	   11545.6	   10094.5	   15207.3	   29530.4	   51211.1	   89334.1	    119185	    157239	    193178	    229605	    241744	    259870	    284422	    319215	    306641	    355766	    355207	    353107	    337742	    362682	    376411	    350868	    375621	    394870	    397729	    408092	    427614	    434883	    470433	    476477
    31		         0	         0	         0	         0	         0	   3425.67	   3407.18	   15461.2	   28759.9	   71445.7	    140991	    183764	    205112	    252339	    259702	    298181	    309655	    318282	    337181	    338637	    346021	    344393	    336758	    347092	    363923	    398706	    404381	    434435	    412816	    432628	    440858	    445445	    452232	    469323	    503166	    500324
    32		         0	         0	         0	         0	         0	   7928.04	   9975.28	   24916.1	   44818.8	   60421.2	    101142	    138765	    204539	    236785	    276502	    296696	    312556	    325921	    341071	    355645	    372374	    382779	    376598	    395925	    389291	    378834	    368520	    373959	    394286	    435116	    449497	    459323	    461206	    480303	    459251	    457432
    33		         0	         0	         0	         0	         0	   6479.52	   9927.27	   25566.1	   46200.4	    101597	    116501	    159066	    220599	    292034	    329369	    360334	    355476	    333369	    363535	    365302	    367246	    351359	    329583	    334733	    367895	    383123	    404812	    418880	    437669	    454889	    458824	    505660	    517814	    526437	    549441	    566646
    34		         0	         0	         0	         0	         0	   5027.14	   8426.22	   28658.8	   94925.4	    130004	    156437	    247487	    279998	    302799	    301683	    287904	    302631	    315026	    321835	    343268	    346679	    351122	    373000	    349519	    381774	    376830	    365217	    381910	    394234	    415633	    445676	    462048	    461391	    466805	    481920	    487443
    35		         0	         0	         0	         0	         0	   11483.9	   21965.5	   30659.9	   69210.4	    143972	    190698	    236859	    269989	    292568	    334201	    345934	    358838	    373835	    384644	    401811	    393378	    399350	    394630	    398517	    396191	    423039	    434145	    399196	    409026	    421217	    424469	    442569	    464485	    468439	    470019	    493918
    36		         0	         0	         0	         0	         0	   4862.92	   4692.47	   7946.31	   17187.6	   26100.8	   36010.3	   55197.2	     95764	    115480	    152671	    200821	    223187	    255497	    277384	    306334	    319031	    315892	    341819	    367058	    377755	    394651	    380091	    400575	    411788	    435348	    451706	    440335	    453278	    466760	    477626	    477717
    37		         0	         0	         0	         0	         0	   8096.47	   8148.13	   11971.6	   17393.2	   22587.4	   51146.6	   80453.4	    109884	    136293	    191342	    220680	    269054	    306790	    347897	    347375	    341652	    351435	    356896	    379317	    380465	    380655	    375399	    371743	    393305	    402425	    402812	    422228	    444395	    453226	    469995	    491549
    38		         0	         0	         0	         0	         0	   9267.27	   7543.93	   7732.25	   9676.95	   8491.28	   21813.3	   36110.7	   44312.2	   73642.6	    110970	    142719	    194602	    194742	    228379	    262304	    308374	    312000	    329423	    319352	    342816	    354104	    382367	    411157	    416621	    436493	    435585	    465096	    484440	    487463	    491600	    512579
    39		         0	         0	         0	         0	         0	   6343.45	   3504.24	   20489.7	   48359.1	    110723	    219679	    264804	    306347	    302149	    339713	    365427	    406605	    432509	    427175	    423876	    391347	    391114	    398298	    411196	    399716	    414067	    425820	    415086	    408831	    413287	    411296	    429281	    414461	    422177	    435371	    445355
    40		         0	         0	         0	         0	         0	   11463.3	   12957.7	   16143.6	   29895.8	   59080.3	    111742	    162752	    192991	    245686	    272800	    288361	    322546	    362828	    378007	    402110	    446001	    422593	    436289	    459120	    482826	    470564	    465000	    458739	    454056	    491775	    491698	    495510	    524442	    553490	    564366	    577368
    41		         0	         0	         0	         0	         0	    6487.4	   6578.03	    9762.6	   13468.5	   23902.6	   54178.4	    132967	    182092	    239851	    264845	    272250	    308603	    317404	    315006	    304134	    333293	    360423	    381206	    370010	    376115	    387153	    398231	    384375	    395829	    416317	    434266	    441927	    437039	    452631	    448136	    448148
    42		         0	         0	         0	         0	         0	   7791.85	   17808.5	   27652.4	   61953.2	    109634	    129181	    151741	    175567	    220464	    245673	    306074	    348503	    360110	    372210	    389873	    383911	    376418	    364411	    400570	    401945	    404489	    393065	    401024	    387506	    375453	    402497	    423381	    437405	    448054	    447742	    465579
    43		         0	         0	         0	         0	         0	   6585.47	   13462.4	   32918.7	   75448.3	    143810	    222560	    250601	    307023	    339986	    324852	    362262	    368098	    379323	    387401	    404056	    408975	    467151	    429343	    420002	    415392	    414456	    428458	    437561	    449240	    487072	    486761	    496219	    516119	    532744	    529641	    534057
    44		         0	         0	         0	         0	         0	   6868.51	   5392.62	   12127.1	     26176	   49420.9	   98581.8	    163204	    214637	    229324	    253711	    303222	    349160	    343624	    334329	    351621	    363719	    391112	    372417	    377480	    409476	    428545	    440480	    453036	    472300	    489110	    477899	    494438	    507266	    530690	    545095	    550200
    45		         0	         0	         0	         0	         0	   8132.86	   11861.4	   59021.5	   85261.5	    170958	    217661	    256813	    296198	    329359	    360119	    378355	    387817	    422735	    437979	    429246	    429400	    403749	    392185	    413722	    413831	    424244	    399952	    415529	    434869	    453983	    464167	    477852	    461652	    479100	    506708	    498691
    46		         0	         0	         0	         0	         0	   6437.59	   3250.84	   11701.6	   25799.9	   31768.8	   66518.8	    109353	    142918	    178821	    196623	    259510	    269368	    285570	    314684	    328785	    332419	    333821	    330736	    332102	    340617	    337511	    358859	    386679	    402488	    425998	    430646	    456719	    459368	    473706	    498345	    511411
    47		         0	         0	         0	         0	         0	   8221.92	   9996.05	   22472.1	   74355.6	    136763	    171108	    255010	    282324	    285236	    312493	    334093	    348423	    352630	    357938	    362400	    347737	    349377	    354581	    376602	    379300	    369655	    352411	    355458	    384830	    384682	    383277	    406790	    428130	    449465	    466757	    471624
    48		         0	         0	         0	         0	         0	    8146.4	   13045.3	   47487.8	   87698.2	    158810	    204126	    265856	    298959	    318123	    364008	    368881	    376596	    402506	    392397	    374945	    401762	    416287	    411544	    418095	    438747	    432110	    438149	    428595	    414118	    434317	    428458	    430337	    428864	    435844	    456597	    475136
    49		         0	         0	         0	         0	         0	    8281.9	   8356.18	    7030.8	   10940.9	   16220.1	   51757.7	   73612.9	    122916	    152733	    196441	    232863	    249840	    239460	    249432	    268327	    282171	    315490	    312990	    337510	    364726	    330865	    346282	    379114	    393494	    405809	    402322	    401464	    411969	    409463	    421628	    428071
