Grade 1 entry
0.800	0.840	0.860
0.631	0.665	0.612
0.571	0.595	0.716
0.320	0.428	0.806
0.245	0.011	0.000
Grade repetition African
0.1965	0.1061
0.1391	0.0751
0.1612	0.0870
0.1447	0.0781
0.1202	0.0649
0.1066	0.0576
0.1182	0.0639
0.1790	0.1522
0.1684	0.1431
0.3635	0.3090
0.2883	0.2451
0.1878	0.1596
0.8440	0.8440
Grade repetition coloured
0.0943	0.0509
0.0668	0.0360
0.0774	0.0418
0.0694	0.0375
0.0577	0.0311
0.0512	0.0276
0.0568	0.0306
0.0859	0.0464
0.0808	0.0436
0.1745	0.0942
0.1384	0.0747
0.0902	0.0487
0.8390	0.8390
Grade repetition white
0.0275	0.0149
0.0195	0.0105
0.0226	0.0122
0.0203	0.0109
0.0168	0.0091
0.0149	0.0081
0.0166	0.0089
0.0251	0.0135
0.0236	0.0127
0.0509	0.0275
0.0404	0.0218
0.0263	0.0142
0.7830	0.7830
ConscientiousEffectGradeRep
0.70
ParentEduEffectGradeRep 0.96
1.00
Dropout African
0.0000	0.0000
0.0029	0.0025
0.0049	0.0042
0.0108	0.0092
0.0159	0.0137
0.0191	0.0164
0.0310	0.0266
0.0497	0.0426
0.0681	0.0584
0.0887	0.0760
0.1327	0.1137
0.2133	0.1828
0.1308	0.1308
Dropout coloured
0.0000	0.0000
0.0029	0.0025
0.0049	0.0042
0.0108	0.0092
0.0159	0.0137
0.0191	0.0164
0.0386	0.0331
0.0620	0.0531
0.0849	0.0728
0.1106	0.0948
0.1654	0.1417
0.2659	0.2279
0.1299	0.1299
Dropout white
0.0000	0.0000
0.0010	0.0008
0.0016	0.0014
0.0036	0.0031
0.0053	0.0046
0.0064	0.0055
0.0103	0.0089
0.0166	0.0142
0.0227	0.0195
0.0296	0.0253
0.0442	0.0379
0.0711	0.0609
0.0211	0.0211
ParentEduEffectDropout 0.98
1.00
Pregnancy dropout
0.35	0.47	0.35
Tertiary enrolment
0.290	0.227	0.558
ConscientiousEffectTertiaryEd
1.10
DropoutRedn
0.946	0.946	1.000
EduAssort
1.50
RRdropoutSupport
0.68
RRdropoutIncSupport
0.86
ProbReturnSupport
0.34