     	  0.213327	  0.229456	   0.24734	  0.225493	  0.213904	   0.19527	  0.173211	  0.162113	  0.146427	  0.120883	 0.0794363	 0.0653475	 0.0546546	 0.0488403	 0.0465266	 0.0379099	 0.0329931	 0.0363874	         0	         0	         0	         0	         0	         0	         0	         0	         0	         0	         0	         0	         0	         0	         0	         0	         0	         0	         0	         0	         0	         0	         0	         0	         0	         0	         0
     	      -nan	  0.262774	  0.258272	  0.249001	  0.243866	  0.220868	   0.18953	  0.169545	  0.155314	  0.108267	 0.0752633	 0.0505079	 0.0411277	 0.0331384	 0.0329334	 0.0246856	 0.0175429	  0.024009	      -nan	      -nan	      -nan	      -nan	      -nan	      -nan	      -nan	      -nan	      -nan	      -nan	      -nan	      -nan	      -nan	      -nan	      -nan	      -nan	      -nan	      -nan	      -nan	      -nan	      -nan	      -nan	         0	      -nan	      -nan	         0	         0
     	  0.598625	  0.613222	  0.620608	  0.688704	  0.592466	  0.561761	  0.550016	  0.507729	  0.464596	  0.427237	  0.354842	   0.27955	   0.21531	   0.17487	  0.136344	  0.121972	  0.116687	 0.0996364	         0	         0	         0	         0	         0	         0	         0	         0	         0	         0	         0	         0	         0	         0	         0	         0	         0	         0	         0	         0	         0	         0	         0	         0	         0	         0	         0
     	         0	         0	         0	         0	         0	       0.1	  0.163131	  0.164444	  0.175892	  0.146111	 0.0796959	 0.0977529	 0.0380158	 0.0430894	 0.0177218	 0.0244418	 0.0170184	 0.0209355	         0	         0	         0	         0	         0	         0	         0	         0	         0	         0	         0	         0	         0	         0	         0	         0	         0	         0	         0	         0	         0	         0	         0	         0	         0	         0	         0
     	   0.46258	  0.589916	  0.499572	  0.498141	  0.495386	  0.448699	  0.487045	  0.436587	  0.390177	  0.338262	  0.265247	  0.225689	  0.187322	    0.1549	  0.136122	  0.131919	  0.123606	  0.131193	         0	         0	         0	         0	         0	         0	         0	         0	         0	         0	         0	         0	         0	         0	         0	         0	         0	         0	         0	         0	         0	         0	         0	         0	         0	         0	         0
     	         0	         0	         0	         0	         0	         0	         0	         0	 0.0619048	 0.0619048	 0.0375785	 0.0400958	 0.0304227	 0.0257192	  0.026963	 0.0311829	 0.0297935	 0.0269675	         0	         0	         0	         0	         0	         0	         0	         0	         0	         0	         0	         0	         0	         0	         0	         0	         0	         0	         0	         0	         0	         0	         0	         0	         0	         0	         0
     	         0	         0	         0	         0	         0	         0	         0	         0	         0	         0	         0	         0	         0	         0	         0	         0	 0.0971429	 0.0662174	         0	         0	         0	         0	         0	         0	         0	         0	         0	         0	         0	         0	         0	         0	         0	         0	         0	         0	         0	         0	         0	         0	         0	         0	         0	         0	         0
     	         0	  0.248275	  0.257163	  0.218629	  0.219235	  0.207127	  0.181455	  0.155534	  0.127706	  0.105637	 0.0733533	 0.0555311	 0.0405228	 0.0370692	 0.0353238	 0.0288477	 0.0220061	 0.0217147	         0	         0	         0	         0	         0	         0	         0	         0	         0	         0	         0	         0	         0	         0	         0	         0	         0	         0	         0	         0	         0	         0	         0	         0	         0	         0	         0
     	         0	         0	         0	         0	         0	         0	         0	         0	         0	         0	         0	         0	         0	         0	         0	         0	         0	         0	         0	         0	         0	         0	         0	         0	         0	         0	         0	         0	         0	         0	         0	         0	         0	         0	         0	         0	         0	         0	         0	         0	         0	         0	         0	         0	         0
     	         0	         0	         0	         0	         0	         0	         0	         0	         0	         0	         0	         0	         0	         0	         0	         0	         0	         0	         0	         0	         0	         0	         0	         0	         0	         0	         0	         0	         0	         0	         0	         0	         0	         0	         0	         0	         0	         0	         0	         0	         0	         0	         0	         0	         0
     	         0	         0	         0	         0	         0	         0	         0	         0	         0	         0	         0	         0	         0	         0	         0	         0	         0	         0	         0	         0	         0	         0	         0	         0	         0	         0	         0	         0	         0	         0	         0	         0	         0	         0	         0	         0	         0	         0	         0	         0	         0	         0	         0	         0	         0
     	         0	         0	         0	         0	         0	         0	         0	         0	         0	         0	         0	         0	         0	         0	         0	         0	         0	         0	         0	         0	         0	         0	         0	         0	         0	         0	         0	         0	         0	         0	         0	         0	         0	         0	         0	         0	         0	         0	         0	         0	         0	         0	         0	         0	         0
     	         0	         0	         0	         0	         0	         0	         0	         0	         0	         0	         0	         0	         0	         0	         0	         0	         0	         0	         0	         0	         0	         0	         0	         0	         0	         0	         0	         0	         0	         0	         0	         0	         0	         0	         0	         0	         0	         0	         0	         0	         0	         0	         0	         0	         0
     	         0	         0	         0	         0	         0	         0	         0	         0	         0	         0	         0	         0	         0	         0	         0	         0	         0	         0	         0	         0	         0	         0	         0	         0	         0	         0	         0	         0	         0	         0	         0	         0	         0	         0	         0	         0	         0	         0	         0	         0	         0	         0	         0	         0	         0
     	         0	         0	         0	         0	         0	         0	         0	         0	         0	         0	         0	         0	         0	         0	         0	         0	         0	         0	         0	         0	         0	         0	         0	         0	         0	         0	         0	         0	         0	         0	         0	         0	         0	         0	         0	         0	         0	         0	         0	         0	         0	         0	         0	         0	         0
     	         0	         0	         0	         0	         0	         0	         0	         0	         0	         0	         0	         0	         0	         0	         0	         0	         0	         0	         0	         0	         0	         0	         0	         0	         0	         0	         0	         0	         0	         0	         0	         0	         0	         0	         0	         0	         0	         0	         0	         0	         0	         0	         0	         0	         0
     	         0	         0	         0	         0	         0	         0	         0	         0	         0	         0	         0	         0	         0	         0	         0	         0	         0	         0	         0	         0	         0	         0	         0	         0	         0	         0	         0	         0	         0	         0	         0	         0	         0	         0	         0	         0	         0	         0	         0	         0	         0	         0	         0	         0	         0
     	         0	         0	         0	         0	         0	         0	         0	         0	         0	         0	         0	         0	         0	         0	         0	         0	         0	         0	         0	         0	         0	         0	         0	         0	         0	         0	         0	         0	         0	         0	         0	         0	         0	         0	         0	         0	         0	         0	         0	         0	         0	         0	         0	         0	         0
     	         0	         0	         0	         0	         0	         0	         0	         0	         0	         0	         0	         0	         0	         0	         0	         0	         0	         0	         0	         0	         0	         0	         0	         0	         0	         0	         0	         0	         0	         0	         0	         0	         0	         0	         0	         0	         0	         0	         0	         0	         0	         0	         0	         0	         0
     	         0	         0	         0	         0	         0	         0	         0	         0	         0	         0	         0	         0	         0	         0	         0	         0	         0	         0	         0	         0	         0	         0	         0	         0	         0	         0	         0	         0	         0	         0	         0	         0	         0	         0	         0	         0	         0	         0	         0	         0	         0	         0	         0	         0	         0
     	         0	         0	         0	         0	         0	         0	         0	         0	         0	         0	         0	         0	         0	         0	         0	         0	         0	         0	         0	         0	         0	         0	         0	         0	         0	         0	         0	         0	         0	         0	         0	         0	         0	         0	         0	         0	         0	         0	         0	         0	         0	         0	         0	         0	         0
     	    719047	    722572	    799897	    668568	    503251	    631746	    658311	    621304	1.07148e+06	4.3837e+06	6.35758e+06	5.20905e+06	5.14552e+06	3.87141e+06	4.66417e+06	7.38989e+06	5.96982e+06	6.13227e+06	         0	         0	         0	         0	         0	         0	         0	         0	         0	         0	         0	         0	         0	         0	         0	         0	         0	         0	         0	         0	         0	         0	         0	         0	         0	         0	         0
     	         0	   86759.4	    343852	    474121	    629694	    646885	    651991	    657594	    685153	    766087	    790534	    875650	    929396	    990634	1.05174e+06	1.14111e+06	1.23324e+06	1.25286e+06	         0	         0	         0	         0	         0	         0	         0	         0	         0	         0	         0	         0	         0	         0	         0	         0	         0	         0	         0	         0	         0	         0	         0	         0	      -nan	         0	         0
     	     56458	   62694.7	   74901.5	   73864.4	    129912	    241281	    341955	    450414	    516729	    560983	    650277	    846496	    790287	    780322	    805567	    807622	    756545	    746313	         0	         0	         0	         0	         0	         0	         0	         0	         0	         0	         0	         0	         0	         0	         0	         0	         0	         0	         0	         0	         0	         0	         0	         0	         0	         0	         0
     	         0	         0	         0	         0	         0	      4731	   11377.4	   22234.8	   35151.6	   49186.4	     60145	   77072.4	   89842.5	    126716	    145807	    149793	    159763	    161428	         0	         0	         0	         0	         0	         0	         0	         0	         0	         0	         0	         0	         0	         0	         0	         0	         0	         0	         0	         0	         0	         0	         0	         0	         0	         0	         0
     	   88493.2	    100692	    141902	    142678	    152930	    172524	    188676	    192807	    223372	    302834	    284557	    248778	    242738	    236362	    229926	    251533	    242308	    277737	         0	         0	         0	         0	         0	         0	         0	         0	         0	         0	         0	         0	         0	         0	         0	         0	         0	         0	         0	         0	         0	         0	         0	         0	         0	         0	         0
     	         0	         0	         0	         0	         0	         0	         0	         0	   7030.32	   11573.3	    194986	    446174	    574992	    459592	    719138	    738691	    736908	    766032	         0	         0	         0	         0	         0	         0	         0	         0	         0	         0	         0	         0	         0	         0	         0	         0	         0	         0	         0	         0	         0	         0	         0	         0	         0	         0	         0
     	         0	         0	         0	         0	         0	         0	         0	         0	         0	         0	         0	         0	         0	         0	         0	         0	   11066.9	   38017.5	         0	         0	         0	         0	         0	         0	         0	         0	         0	         0	         0	         0	         0	         0	         0	         0	         0	         0	         0	         0	         0	         0	         0	         0	         0	         0	         0
     	         0	   56361.9	    128944	    218121	    294194	    398666	    486070	    752489	    775892	    820417	    909935	    951210	1.01832e+06	1.08168e+06	1.20571e+06	1.22883e+06	1.25847e+06	1.27939e+06	         0	         0	         0	         0	         0	         0	         0	         0	         0	         0	         0	         0	         0	         0	         0	         0	         0	         0	         0	         0	         0	         0	         0	         0	         0	         0	         0
     	         0	         0	         0	         0	         0	         0	         0	         0	         0	         0	         0	         0	         0	         0	         0	         0	         0	         0	         0	         0	         0	         0	         0	         0	         0	         0	         0	         0	         0	         0	         0	         0	         0	         0	         0	         0	         0	         0	         0	         0	         0	         0	         0	         0	         0
     	         0	         0	         0	         0	         0	         0	         0	         0	         0	         0	         0	         0	         0	         0	         0	         0	         0	         0	         0	         0	         0	         0	         0	         0	         0	         0	         0	         0	         0	         0	         0	         0	         0	         0	         0	         0	         0	         0	         0	         0	         0	         0	         0	         0	         0
     	         0	         0	         0	         0	         0	         0	         0	         0	         0	         0	         0	         0	         0	         0	         0	         0	         0	         0	         0	         0	         0	         0	         0	         0	         0	         0	         0	         0	         0	         0	         0	         0	         0	         0	         0	         0	         0	         0	         0	         0	         0	         0	         0	         0	         0
     	         0	         0	         0	         0	         0	         0	         0	         0	         0	         0	         0	         0	         0	         0	         0	         0	         0	         0	         0	         0	         0	         0	         0	         0	         0	         0	         0	         0	         0	         0	         0	         0	         0	         0	         0	         0	         0	         0	         0	         0	         0	         0	         0	         0	         0
     	         0	         0	         0	         0	         0	         0	         0	         0	         0	         0	         0	         0	         0	         0	         0	         0	         0	         0	         0	         0	         0	         0	         0	         0	         0	         0	         0	         0	         0	         0	         0	         0	         0	         0	         0	         0	         0	         0	         0	         0	         0	         0	         0	         0	         0
     	         0	         0	         0	         0	         0	         0	         0	         0	         0	         0	         0	         0	         0	         0	         0	         0	         0	         0	         0	         0	         0	         0	         0	         0	         0	         0	         0	         0	         0	         0	         0	         0	         0	         0	         0	         0	         0	         0	         0	         0	         0	         0	         0	         0	         0
     	         0	         0	         0	         0	         0	         0	         0	         0	         0	         0	         0	         0	         0	         0	         0	         0	         0	         0	         0	         0	         0	         0	         0	         0	         0	         0	         0	         0	         0	         0	         0	         0	         0	         0	         0	         0	         0	         0	         0	         0	         0	         0	         0	         0	         0
     	         0	         0	         0	         0	         0	         0	         0	         0	         0	         0	         0	         0	         0	         0	         0	         0	         0	         0	         0	         0	         0	         0	         0	         0	         0	         0	         0	         0	         0	         0	         0	         0	         0	         0	         0	         0	         0	         0	         0	         0	         0	         0	         0	         0	         0
     	         0	         0	         0	         0	         0	         0	         0	         0	         0	         0	         0	         0	         0	         0	         0	         0	         0	         0	         0	         0	         0	         0	         0	         0	         0	         0	         0	         0	         0	         0	         0	         0	         0	         0	         0	         0	         0	         0	         0	         0	         0	         0	         0	         0	         0
     	         0	         0	         0	         0	         0	         0	         0	         0	         0	         0	         0	         0	         0	         0	         0	         0	         0	         0	         0	         0	         0	         0	         0	         0	         0	         0	         0	         0	         0	         0	         0	         0	         0	         0	         0	         0	         0	         0	         0	         0	         0	         0	         0	         0	         0
     	         0	         0	         0	         0	         0	         0	         0	         0	         0	         0	         0	         0	         0	         0	         0	         0	         0	         0	         0	         0	         0	         0	         0	         0	         0	         0	         0	         0	         0	         0	         0	         0	         0	         0	         0	         0	         0	         0	         0	         0	         0	         0	         0	         0	         0
     	    863998	1.02908e+06	1.4895e+06	1.57735e+06	1.70998e+06	2.09583e+06	2.33838e+06	2.67453e+06	3.24929e+06	6.77776e+06	9.08221e+06	8.43244e+06	8.5187e+06	7.21789e+06	8.44526e+06	1.12573e+07	9.84449e+06	1.01244e+07	         0	         0	         0	         0	         0	         0	         0	         0	         0	         0	         0	         0	         0	         0	         0	         0	         0	         0	         0	         0	         0	         0	         0	         0	         0	-2.76465e+08	4.71926e+06
     	         0	         0	         0	         0	         0	         0	         0	         0	         0	         0	         0	         0	         0	         0	         0	         0	         0	         0	         0	         0	         0	         0	         0	         0	         0	         0	         0	         0	         0	         0	         0	         0	         0	         0	         0	         0	         0	         0	         0	         0	         0	         0	         0	         0	         0
     	         0	         0	         0	         0	         0	         0	         0	         0	         0	         0	         0	         0	         0	         0	         0	         0	         0	         0	         0	         0	         0	         0	         0	         0	         0	         0	         0	         0	         0	         0	         0	         0	         0	         0	         0	         0	         0	         0	         0	         0	         0	         0	         0	         0	         0
     	         0	         0	         0	         0	         0	         0	         0	         0	         0	         0	         0	         0	         0	         0	         0	         0	         0	         0	         0	         0	         0	         0	         0	         0	         0	         0	         0	         0	         0	         0	         0	         0	         0	         0	         0	         0	         0	         0	         0	         0	         0	         0	         0	         0	         0
     	         0	         0	         0	         0	         0	         0	         0	         0	         0	         0	         0	         0	         0	         0	         0	         0	         0	         0	         0	         0	         0	         0	         0	         0	         0	         0	         0	         0	         0	         0	         0	         0	         0	         0	         0	         0	         0	         0	         0	         0	         0	         0	         0	         0	         0
     	    156370	    170669	    201950	    155305	    110362	    123321	    121359	    105774	    166491	    575449	    590132	    418532	    360350	    253432	    282047	    382104	    294896	    328204	         0	         0	         0	         0	         0	         0	         0	         0	         0	         0	         0	         0	         0	         0	         0	         0	         0	         0	         0	         0	         0	         0	         0	         0	         0	         0	         0
     	         0	   25964.5	    100501	    146466	    204012	    198702	    188992	    188996	    182788	    180993	    151009	    160324	    161716	    155933	    172527	    161392	    158432	    165773	         0	         0	         0	         0	         0	         0	         0	         0	         0	         0	         0	         0	         0	         0	         0	         0	         0	         0	         0	         0	         0	         0	         0	         0	         0	         0	         0
     	   39013.1	   45912.8	     54991	   59344.1	    101848	    176939	    264842	    342098	    375803	    405386	    442356	    552840	    486783	    441537	    430823	    421872	    390421	    381011	         0	         0	         0	         0	         0	         0	         0	         0	         0	         0	         0	         0	         0	         0	         0	         0	         0	         0	         0	         0	         0	         0	         0	         0	         0	         0	         0
     	         0	         0	         0	         0	         0	     946.2	   2528.32	   4446.96	   7669.44	   12859.2	   10670.9	   16585.2	   12414.6	   25934.1	   20452.6	   19221.2	   20636.1	   27740.3	         0	         0	         0	         0	         0	         0	         0	         0	         0	         0	         0	         0	         0	         0	         0	         0	         0	         0	         0	         0	         0	         0	         0	         0	         0	         0	         0
     	   46308.3	   61744.8	   73953.4	   71970.5	   80406.6	   81688.6	   95760.1	   86715.7	   92033.3	    105124	   77606.4	   57885.6	   47371.5	   37423.9	   31668.5	   33802.8	   31619.8	   37766.9	         0	         0	         0	         0	         0	         0	         0	         0	         0	         0	         0	         0	         0	         0	         0	         0	         0	         0	         0	         0	         0	         0	         0	         0	         0	         0	         0
     	         0	         0	         0	         0	         0	         0	         0	         0	    639.12	    642.96	   7437.28	     17886	   17315.1	   11818.1	     19133	   22866.6	   21967.4	   20387.4	         0	         0	         0	         0	         0	         0	         0	         0	         0	         0	         0	         0	         0	         0	         0	         0	         0	         0	         0	         0	         0	         0	         0	         0	         0	         0	         0
     	         0	         0	         0	         0	         0	         0	         0	         0	         0	         0	         0	         0	         0	         0	         0	         0	    665.68	   2673.76	         0	         0	         0	         0	         0	         0	         0	         0	         0	         0	         0	         0	         0	         0	         0	         0	         0	         0	         0	         0	         0	         0	         0	         0	         0	         0	         0
     	         0	   15515.4	   38240.8	   57765.8	   79460.6	    117644	    128628	    181690	    177675	    191924	    188842	    190567	    207781	    242599	    245431	    243579	    268602	    269381	         0	         0	         0	         0	         0	         0	         0	         0	         0	         0	         0	         0	         0	         0	         0	         0	         0	         0	         0	         0	         0	         0	         0	         0	         0	         0	         0
     	         0	         0	         0	         0	         0	         0	         0	         0	         0	         0	         0	         0	         0	         0	         0	         0	         0	         0	         0	         0	         0	         0	         0	         0	         0	         0	         0	         0	         0	         0	         0	         0	         0	         0	         0	         0	         0	         0	         0	         0	         0	         0	         0	         0	         0
     	         0	         0	         0	         0	         0	         0	         0	         0	         0	         0	         0	         0	         0	         0	         0	         0	         0	         0	         0	         0	         0	         0	         0	         0	         0	         0	         0	         0	         0	         0	         0	         0	         0	         0	         0	         0	         0	         0	         0	         0	         0	         0	         0	         0	         0
     	         0	         0	         0	         0	         0	         0	         0	         0	         0	         0	         0	         0	         0	         0	         0	         0	         0	         0	         0	         0	         0	         0	         0	         0	         0	         0	         0	         0	         0	         0	         0	         0	         0	         0	         0	         0	         0	         0	         0	         0	         0	         0	         0	         0	         0
     	         0	         0	         0	         0	         0	         0	         0	         0	         0	         0	         0	         0	         0	         0	         0	         0	         0	         0	         0	         0	         0	         0	         0	         0	         0	         0	         0	         0	         0	         0	         0	         0	         0	         0	         0	         0	         0	         0	         0	         0	         0	         0	         0	         0	         0
     	         0	         0	         0	         0	         0	         0	         0	         0	         0	         0	         0	         0	         0	         0	         0	         0	         0	         0	         0	         0	         0	         0	         0	         0	         0	         0	         0	         0	         0	         0	         0	         0	         0	         0	         0	         0	         0	         0	         0	         0	         0	         0	         0	         0	         0
     	         0	         0	         0	         0	         0	         0	         0	         0	         0	         0	         0	         0	         0	         0	         0	         0	         0	         0	         0	         0	         0	         0	         0	         0	         0	         0	         0	         0	         0	         0	         0	         0	         0	         0	         0	         0	         0	         0	         0	         0	         0	         0	         0	         0	         0
     	         0	         0	         0	         0	         0	         0	         0	         0	         0	         0	         0	         0	         0	         0	         0	         0	         0	         0	         0	         0	         0	         0	         0	         0	         0	         0	         0	         0	         0	         0	         0	         0	         0	         0	         0	         0	         0	         0	         0	         0	         0	         0	         0	         0	         0
     	         0	         0	         0	         0	         0	         0	         0	         0	         0	         0	         0	         0	         0	         0	         0	         0	         0	         0	         0	         0	         0	         0	         0	         0	         0	         0	         0	         0	         0	         0	         0	         0	         0	         0	         0	         0	         0	         0	         0	         0	         0	         0	         0	         0	         0
     	         0	         0	         0	         0	         0	         0	         0	         0	         0	         0	         0	         0	         0	         0	         0	         0	         0	         0	         0	         0	         0	         0	         0	         0	         0	         0	         0	         0	         0	         0	         0	         0	         0	         0	         0	         0	         0	         0	         0	         0	         0	         0	         0	         0	         0
     	         0	         0	         0	         0	         0	         0	         0	         0	         0	         0	         0	         0	         0	         0	         0	         0	         0	         0	         0	         0	         0	         0	         0	         0	         0	         0	         0	         0	         0	         0	         0	         0	         0	         0	         0	         0	         0	         0	         0	         0	         0	         0	         0	         0	         0
     	         0	         0	         0	         0	         0	         0	         0	         0	         0	         0	         0	         0	         0	         0	         0	         0	         0	         0	         0	         0	         0	         0	         0	         0	         0	         0	         0	         0	         0	         0	         0	         0	         0	         0	         0	         0	         0	         0	         0	         0	         0	         0	         0	         0	         0
     	         0	         0	         0	         0	         0	         0	         0	         0	         0	         0	         0	         0	         0	         0	         0	         0	         0	         0	         0	         0	         0	         0	         0	         0	         0	         0	         0	         0	         0	         0	         0	         0	         0	         0	         0	         0	         0	         0	         0	         0	         0	         0	         0	         0	         0
     	         0	         0	         0	         0	         0	         0	         0	         0	         0	         0	         0	         0	         0	         0	         0	         0	         0	         0	         0	         0	         0	         0	         0	         0	         0	         0	         0	         0	         0	         0	         0	         0	         0	         0	         0	         0	         0	         0	         0	         0	         0	         0	         0	         0	         0
     	    153198	    166236	    195945	    148045	    103740	    118906	    112510	   99103.7	    152430	    506974	    481806	    323249	    267241	    178256	    204855	    263132	    184726	    211895	         0	         0	         0	         0	         0	         0	         0	         0	         0	         0	         0	         0	         0	         0	         0	         0	         0	         0	         0	         0	         0	         0	         0	         0	         0	         0	         0
     	         0	   22798.1	   88807.2	    118057	    153561	    142876	    123572	    111492	    106413	   82941.8	   59498.2	   44227.2	   38223.9	     32828	   34637.4	     28169	   21634.6	   30079.8	         0	         0	         0	         0	         0	         0	         0	         0	         0	         0	         0	         0	         0	         0	         0	         0	         0	         0	         0	         0	         0	         0	         0	         0	         0	         0	         0
     	     35207	   40846.6	     47406	   51768.2	     79776	    139091	    192468	    236959	    244144	    244646	    236376	    242599	    175111	    139519	    112159	    100414	   89866.8	   76202.2	         0	         0	         0	         0	         0	         0	         0	         0	         0	         0	         0	         0	         0	         0	         0	         0	         0	         0	         0	         0	         0	         0	         0	         0	         0	         0	         0
     	         0	         0	         0	         0	         0	     630.8	   2212.28	   3494.04	   5752.08	   7072.56	    4850.4	    6829.2	    3593.7	   5252.48	   2639.04	      3314	   2662.72	   3007.98	         0	         0	         0	         0	         0	         0	         0	         0	         0	         0	         0	         0	         0	         0	         0	         0	         0	         0	         0	         0	         0	         0	         0	         0	         0	         0	         0
     	   46308.3	   61744.8	   73953.4	   71970.5	   80406.6	   81688.6	   95760.1	   86715.7	   92033.3	    105124	   77606.4	   57885.6	   47371.5	   37423.9	   31668.5	   33802.8	   31619.8	   37766.9	         0	         0	         0	         0	         0	         0	         0	         0	         0	         0	         0	         0	         0	         0	         0	         0	         0	         0	         0	         0	         0	         0	         0	         0	         0	         0	         0
     	         0	         0	         0	         0	         0	         0	         0	         0	    639.12	    642.96	   7437.28	     17886	   17315.1	   11818.1	     19133	   22866.6	   21967.4	   20387.4	         0	         0	         0	         0	         0	         0	         0	         0	         0	         0	         0	         0	         0	         0	         0	         0	         0	         0	         0	         0	         0	         0	         0	         0	         0	         0	         0
     	         0	         0	         0	         0	         0	         0	         0	         0	         0	         0	         0	         0	         0	         0	         0	         0	    665.68	   2673.76	         0	         0	         0	         0	         0	         0	         0	         0	         0	         0	         0	         0	         0	         0	         0	         0	         0	         0	         0	         0	         0	         0	         0	         0	         0	         0	         0
     	         0	   13932.2	   32552.1	   46717.7	   63694.6	   82950.2	     87227	    114986	   97785.4	   84227.8	   64348.6	   51381.6	   40510.8	   39393.6	   40905.1	     34797	   26627.2	     27406	         0	         0	         0	         0	         0	         0	         0	         0	         0	         0	         0	         0	         0	         0	         0	         0	         0	         0	         0	         0	         0	         0	         0	         0	         0	         0	         0
     	         0	         0	         0	         0	         0	         0	         0	         0	         0	         0	         0	         0	         0	         0	         0	         0	         0	         0	         0	         0	         0	         0	         0	         0	         0	         0	         0	         0	         0	         0	         0	         0	         0	         0	         0	         0	         0	         0	         0	         0	         0	         0	         0	         0	         0
     	         0	         0	         0	         0	         0	         0	         0	         0	         0	         0	         0	         0	         0	         0	         0	         0	         0	         0	         0	         0	         0	         0	         0	         0	         0	         0	         0	         0	         0	         0	         0	         0	         0	         0	         0	         0	         0	         0	         0	         0	         0	         0	         0	         0	         0
     	         0	         0	         0	         0	         0	         0	         0	         0	         0	         0	         0	         0	         0	         0	         0	         0	         0	         0	         0	         0	         0	         0	         0	         0	         0	         0	         0	         0	         0	         0	         0	         0	         0	         0	         0	         0	         0	         0	         0	         0	         0	         0	         0	         0	         0
     	         0	         0	         0	         0	         0	         0	         0	         0	         0	         0	         0	         0	         0	         0	         0	         0	         0	         0	         0	         0	         0	         0	         0	         0	         0	         0	         0	         0	         0	         0	         0	         0	         0	         0	         0	         0	         0	         0	         0	         0	         0	         0	         0	         0	         0
     	         0	         0	         0	         0	         0	         0	         0	         0	         0	         0	         0	         0	         0	         0	         0	         0	         0	         0	         0	         0	         0	         0	         0	         0	         0	         0	         0	         0	         0	         0	         0	         0	         0	         0	         0	         0	         0	         0	         0	         0	         0	         0	         0	         0	         0
     	         0	         0	         0	         0	         0	         0	         0	         0	         0	         0	         0	         0	         0	         0	         0	         0	         0	         0	         0	         0	         0	         0	         0	         0	         0	         0	         0	         0	         0	         0	         0	         0	         0	         0	         0	         0	         0	         0	         0	         0	         0	         0	         0	         0	         0
     	         0	         0	         0	         0	         0	         0	         0	         0	         0	         0	         0	         0	         0	         0	         0	         0	         0	         0	         0	         0	         0	         0	         0	         0	         0	         0	         0	         0	         0	         0	         0	         0	         0	         0	         0	         0	         0	         0	         0	         0	         0	         0	         0	         0	         0
     	         0	         0	         0	         0	         0	         0	         0	         0	         0	         0	         0	         0	         0	         0	         0	         0	         0	         0	         0	         0	         0	         0	         0	         0	         0	         0	         0	         0	         0	         0	         0	         0	         0	         0	         0	         0	         0	         0	         0	         0	         0	         0	         0	         0	         0
     	         0	         0	         0	         0	         0	         0	         0	         0	         0	         0	         0	         0	         0	         0	         0	         0	         0	         0	         0	         0	         0	         0	         0	         0	         0	         0	         0	         0	         0	         0	         0	         0	         0	         0	         0	         0	         0	         0	         0	         0	         0	         0	         0	         0	         0
     	         0	         0	         0	         0	         0	         0	         0	         0	         0	         0	         0	         0	         0	         0	         0	         0	         0	         0	         0	         0	         0	         0	         0	         0	         0	         0	         0	         0	         0	         0	         0	         0	         0	         0	         0	         0	         0	         0	         0	         0	         0	         0	         0	         0	         0
     	         0	         0	         0	         0	         0	         0	         0	         0	         0	         0	         0	         0	         0	         0	         0	         0	         0	         0	         0	         0	         0	         0	         0	         0	         0	         0	         0	         0	         0	         0	         0	         0	         0	         0	         0	         0	         0	         0	         0	         0	         0	         0	         0	         0	         0
     	    234713	    305558	    438664	    436558	    481178	    566143	    613750	    652750	    699197	1.03163e+06	    931924	    744058	    589367	    444491	    445998	    486495	    379770	    409420	         0	         0	         0	         0	         0	         0	         0	         0	         0	         0	         0	         0	         0	         0	         0	         0	         0	         0	         0	         0	         0	         0	         0	         0	         0	-4.46566e+06	    232351
     	         0	         0	         0	         0	         0	         0	         0	         0	         0	         0	         0	         0	         0	         0	         0	         0	         0	         0	         0	         0	         0	         0	         0	         0	         0	         0	         0	         0	         0	         0	         0	         0	         0	         0	         0	         0	         0	         0	         0	         0	         0	         0	         0	         0	         0
     	         0	         0	         0	         0	         0	         0	         0	         0	         0	         0	         0	         0	         0	         0	         0	         0	         0	         0	         0	         0	         0	         0	         0	         0	         0	         0	         0	         0	         0	         0	         0	         0	         0	         0	         0	         0	         0	         0	         0	         0	         0	         0	         0	         0	         0
     	         0	  0.270564	  0.262554	  0.255729	  0.250008	  0.224496	  0.191201	  0.178553	  0.174863	  0.131658	 0.0982851	 0.0702465	 0.0601087	 0.0507597	 0.0530707	 0.0420091	 0.0320169	 0.0429031	         0	         0	         0	         0	         0	         0	         0	         0	         0	         0	         0	         0	         0	         0	         0	         0	         0	         0	         0	         0	         0	         0	         0	         0	         0	         0	         0
     	         0	   86759.4	    343852	    474121	    629694	    646885	    651991	    635280	    619627	    649068	    624732	    653652	    656994	    661812	    674934	    690969	    709615	    723252	         0	         0	         0	         0	         0	         0	         0	         0	         0	         0	         0	         0	         0	         0	         0	         0	         0	         0	         0	         0	         0	         0	         0	         0	         0	         0	         0
     	         0	   25964.5	    100501	    146466	    204012	    198702	    188992	    188996	    182788	    180993	    151009	    160324	    161716	    155933	    172527	    161392	    158432	    165773	         0	         0	         0	         0	         0	         0	         0	         0	         0	         0	         0	         0	         0	         0	         0	         0	         0	         0	         0	         0	         0	         0	         0	         0	         0	         0	         0
     	         0	   22798.1	   88807.2	    118057	    153561	    142876	    123572	    111492	    106413	   82941.8	   59498.2	   44227.2	   38223.9	     32828	   34637.4	     28169	   21634.6	   30079.8	         0	         0	         0	         0	         0	         0	         0	         0	         0	         0	         0	         0	         0	         0	         0	         0	         0	         0	         0	         0	         0	         0	         0	         0	         0	         0	         0
     	         0	         0	         0	         0	         0	         0	         0	         0	         0	         0	         0	         0	         0	         0	         0	         0	         0	         0	         0	         0	         0	         0	         0	         0	         0	         0	         0	         0	         0	         0	         0	         0	         0	         0	         0	         0	         0	         0	         0	         0	         0	         0	         0	         0	         0
     	         0	         0	         0	         0	         0	         0	         0	         0	         0	         0	         0	         0	         0	         0	         0	         0	         0	         0	         0	         0	         0	         0	         0	         0	         0	         0	         0	         0	         0	         0	         0	         0	         0	         0	         0	         0	         0	         0	         0	         0	         0	         0	         0	-4.07517e+06	    259625
     	         0	         0	         0	         0	         0	         0	         0	         0	         0	         0	         0	         0	         0	         0	         0	         0	         0	         0	         0	         0	         0	         0	         0	         0	         0	         0	         0	         0	         0	         0	         0	         0	         0	         0	         0	         0	         0	         0	         0	         0	         0	         0	         0	-4.35638e+07	1.1167e+06
     	         0	         0	         0	         0	         0	         0	         0	         0	         0	         0	         0	         0	         0	         0	         0	         0	         0	         0	         0	         0	         0	         0	         0	         0	         0	         0	         0	         0	         0	         0	         0	         0	         0	         0	         0	         0	         0	         0	         0	         0	         0	         0	         0	         0	         0
     	         0	         0	         0	         0	         0	         0	         0	         0	         0	         0	         0	         0	         0	         0	         0	         0	         0	         0	         0	         0	         0	         0	         0	         0	         0	         0	         0	         0	         0	         0	         0	         0	         0	         0	         0	         0	         0	         0	         0	         0	         0	         0	         0	         0	         0
     	         0	         0	         0	         0	         0	         0	         0	         0	         0	         0	         0	         0	         0	         0	         0	         0	         0	         0	         0	         0	         0	         0	         0	         0	         0	         0	         0	         0	         0	         0	         0	         0	         0	         0	         0	         0	         0	         0	         0	         0	         0	         0	         0	         0	         0
     	         0	         0	         0	         0	         0	         0	         0	         0	         0	         0	         0	         0	         0	         0	         0	         0	         0	         0	         0	         0	         0	         0	         0	         0	         0	         0	         0	         0	         0	         0	         0	         0	         0	         0	         0	         0	         0	         0	         0	         0	         0	         0	         0	         0	         0
     	         0	         0	         0	         0	         0	         0	         0	         0	         0	         0	         0	         0	         0	         0	         0	         0	         0	         0	         0	         0	         0	         0	         0	         0	         0	         0	         0	         0	         0	         0	         0	         0	         0	         0	         0	         0	         0	         0	         0	         0	         0	         0	         0	         0	         0
     	         0	         0	         0	         0	         0	         0	         0	         0	         0	         0	         0	         0	         0	         0	         0	         0	         0	         0	         0	         0	         0	         0	         0	         0	         0	         0	         0	         0	         0	         0	         0	         0	         0	         0	         0	         0	         0	         0	         0	         0	         0	         0	         0	         0	         0
     	         0	         0	         0	         0	         0	         0	         0	         0	         0	         0	         0	         0	         0	         0	         0	         0	         0	         0	         0	         0	         0	         0	         0	         0	         0	         0	         0	         0	         0	         0	         0	         0	         0	         0	         0	         0	         0	         0	         0	         0	         0	         0	         0	         0	         0
     	         0	         0	         0	         0	         0	         0	         0	         0	         0	         0	         0	         0	         0	         0	         0	         0	         0	         0	         0	         0	         0	         0	         0	         0	         0	         0	         0	         0	         0	         0	         0	         0	         0	         0	         0	         0	         0	         0	         0	         0	         0	         0	         0	         0	         0
     	         0	         0	         0	         0	         0	         0	         0	         0	         0	         0	         0	         0	         0	         0	         0	         0	         0	         0	         0	         0	         0	         0	         0	         0	         0	         0	         0	         0	         0	         0	         0	         0	         0	         0	         0	         0	         0	         0	         0	         0	         0	         0	         0	         0	         0
     	         0	         0	         0	         0	         0	         0	         0	         0	         0	         0	         0	         0	         0	         0	         0	         0	         0	         0	         0	         0	         0	         0	         0	         0	         0	         0	         0	         0	         0	         0	         0	         0	         0	         0	         0	         0	         0	         0	         0	         0	         0	         0	         0	         0	         0
     	         0	         0	         0	         0	         0	         0	         0	         0	         0	         0	         0	         0	         0	         0	         0	         0	         0	         0	         0	         0	         0	         0	         0	         0	         0	         0	         0	         0	         0	         0	         0	         0	         0	         0	         0	         0	         0	         0	         0	         0	         0	         0	         0	         0	         0
     	         0	         0	         0	         0	         0	         0	         0	         0	         0	         0	         0	         0	         0	         0	         0	         0	         0	         0	         0	         0	         0	         0	         0	         0	         0	         0	         0	         0	         0	         0	         0	         0	         0	         0	         0	         0	         0	         0	         0	         0	         0	         0	         0	         0	         0
     	         0	         0	         0	         0	         0	         0	         0	         0	         0	         0	         0	         0	         0	         0	         0	         0	         0	         0	         0	         0	         0	         0	         0	         0	         0	         0	         0	         0	         0	         0	         0	         0	         0	         0	         0	         0	         0	         0	         0	         0	         0	         0	         0	         0	         0
     	         0	         0	         0	         0	         0	         0	         0	         0	         0	         0	         0	         0	         0	         0	         0	         0	         0	         0	         0	         0	         0	         0	         0	         0	         0	         0	         0	         0	         0	         0	         0	         0	         0	         0	         0	         0	         0	         0	         0	         0	         0	         0	         0	         0	         0
     	         0	         0	         0	         0	         0	         0	         0	         0	         0	         0	         0	         0	         0	         0	         0	         0	         0	         0	         0	         0	         0	         0	         0	         0	         0	         0	         0	         0	         0	         0	         0	         0	         0	         0	         0	         0	         0	         0	         0	         0	         0	         0	         0	         0	         0
     	         0	         0	         0	         0	         0	         0	         0	         0	         0	         0	         0	         0	         0	         0	         0	         0	         0	         0	         0	         0	         0	         0	         0	         0	         0	         0	         0	         0	         0	         0	         0	         0	         0	         0	         0	         0	         0	         0	         0	         0	         0	         0	         0	         0	         0
     	         0	         0	         0	         0	         0	         0	         0	         0	         0	         0	         0	         0	         0	         0	         0	         0	         0	         0	         0	         0	         0	         0	         0	         0	         0	         0	         0	         0	         0	         0	         0	         0	         0	         0	         0	         0	         0	         0	         0	         0	         0	         0	         0	         0	         0
     	         0	         0	         0	         0	         0	         0	         0	         0	         0	         0	         0	         0	         0	         0	         0	         0	         0	         0	         0	         0	         0	         0	         0	         0	         0	         0	         0	         0	         0	         0	         0	         0	         0	         0	         0	         0	         0	         0	         0	         0	         0	         0	         0	         0	         0
     	         0	         0	         0	         0	         0	         0	         0	         0	         0	         0	         0	         0	         0	         0	         0	         0	         0	         0	         0	         0	         0	         0	         0	         0	         0	         0	         0	         0	         0	         0	         0	         0	         0	         0	         0	         0	         0	         0	         0	         0	         0	         0	         0	         0	         0
     	         0	         0	         0	         0	         0	         0	         0	         0	         0	         0	         0	         0	         0	         0	         0	         0	         0	         0	         0	         0	         0	         0	         0	         0	         0	         0	         0	         0	         0	         0	         0	         0	         0	         0	         0	         0	         0	         0	         0	         0	         0	         0	         0	         0	         0
     	         0	         0	         0	         0	         0	         0	         0	         0	         0	         0	         0	         0	         0	         0	         0	         0	         0	         0	         0	         0	         0	         0	         0	         0	         0	         0	         0	         0	         0	         0	         0	         0	         0	         0	         0	         0	         0	         0	         0	         0	         0	         0	         0	         0	         0
     	         0	         0	         0	         0	         0	         0	         0	         0	         0	         0	         0	         0	         0	         0	         0	         0	         0	         0	         0	         0	         0	         0	         0	         0	         0	         0	         0	         0	         0	         0	         0	         0	         0	         0	         0	         0	         0	         0	         0	         0	         0	         0	         0	-4.4773e+10	4.19493e+08
     	         0	         0	         0	         0	         0	         0	         0	         0	         0	         0	         0	         0	         0	         0	         0	         0	         0	         0	         0	         0	         0	         0	         0	         0	         0	         0	         0	         0	         0	         0	         0	         0	         0	         0	         0	         0	         0	         0	         0	         0	         0	         0	         0	         0	         0
     	         0	         0	         0	         0	         0	         0	         0	         0	         0	         0	         0	         0	         0	         0	         0	         0	         0	         0	         0	         0	         0	         0	         0	         0	         0	         0	         0	         0	         0	         0	         0	         0	         0	         0	         0	         0	         0	         0	         0	         0	         0	         0	         0	         0	         0
     	         0	         0	         0	         0	         0	         0	         0	         0	         0	         0	         0	         0	         0	         0	         0	         0	         0	         0	         0	         0	         0	         0	         0	         0	         0	         0	         0	         0	         0	         0	         0	         0	         0	         0	         0	         0	         0	         0	         0	         0	         0	         0	         0	         0	         0
