ANC data (sentinel)
FPC data
GUD data
CSW data
Household data (sentinel)
1999	718	0.170	0.950	0.951	0.000900	0.001369	1	0.094	1	2	1
2002	225	0.209	0.950	0.951	0.000900	0.001369	1	0.147	1	3	0
2002	151	0.589	0.950	0.951	0.000900	0.001369	1	0.278	4	7	0
2003	1360	0.102	1.000	1.000	0.000000	0.000000	1	0.019	1	2	0
2007	735	0.117	0.950	0.951	0.000900	0.001369	1	0.079	1	3	0
2007	235	0.579	0.950	0.951	0.000900	0.001369	1	0.353	4	7	0
2010	699	0.134	0.950	0.951	0.000900	0.001369	1	0.063	1	3	0
2010	321	0.598	0.950	0.951	0.000900	0.001369	1	0.353	4	7	0
2012	1971	0.114	0.950	0.951	0.000900	0.001369	1	0.090	1	3	0
2012	927	0.544	0.950	0.951	0.000900	0.001369	1	0.346	4	7	0
ANC data (national)
Household data (national)