ANC data (sentinel)
2002	417	0.650	0.914	1.000	0.000900	0.000000	1	0.430
2011	390	0.587	0.914	1.000	0.000900	0.000000	1	0.341
FPC data
2006	210	0.730	1.000	1.000	0.000000	0.000000	0	0.000
GUD data
CSW data
2001	101	0.620	0.950	0.951	0.000900	0.001369	1	0.780
Household data (sentinel)
1999	771	0.533	0.950	0.951	0.000900	0.001369	1	0.344	1	2	1
2003	1416	0.293	1.000	1.000	0.000000	0.000000	1	0.113	1	2	0
2002	132	0.455	0.950	0.951	0.000900	0.001369	1	0.280	1	2	0
2002	285	0.877	0.950	0.951	0.000900	0.001369	1	0.279	3	7	0
2007	477	0.344	0.950	0.951	0.000900	0.001369	1	0.201	1	2	0
2007	723	0.816	0.950	0.951	0.000900	0.001369	1	0.382	3	7	0
2010	434	0.323	0.950	0.951	0.000900	0.001369	1	0.176	1	2	0
2010	783	0.780	0.950	0.951	0.000900	0.001369	1	0.364	3	7	0
2012	1050	0.322	0.950	0.951	0.000900	0.001369	1	0.174	1	2	0
2012	1753	0.766	0.950	0.951	0.000900	0.001369	1	0.422	3	7	0
ANC data (national)
Household data (national)