InitUrbanPropn male
0.2960	0.0000	0.0000	0.0000	0.0000	0.0000	0.7604	0.8770
0.2215	0.3424	0.0000	0.0000	0.0000	0.0000	0.7602	0.8850
0.1189	0.2880	0.4503	0.5500	0.0000	0.0000	0.7770	0.8972
0.1571	0.2546	0.3742	0.5139	0.6346	0.0000	0.7820	0.9160
0.2904	0.3952	0.5025	0.5911	0.6607	0.7686	0.7674	0.9094
0.3290	0.4425	0.5504	0.6712	0.7065	0.7865	0.7660	0.8924
0.3331	0.4686	0.5907	0.7158	0.7469	0.8004	0.7604	0.8932
0.3315	0.4777	0.6154	0.7467	0.7750	0.8042	0.7626	0.8920
0.3302	0.4957	0.6258	0.7555	0.7883	0.7947	0.7498	0.8866
0.3259	0.5068	0.6329	0.7644	0.7954	0.8134	0.7632	0.8758
0.3320	0.5389	0.6541	0.7708	0.7702	0.7890	0.7584	0.8710
0.3275	0.5566	0.6651	0.7707	0.7595	0.7895	0.7662	0.8624
0.3021	0.5417	0.6410	0.7502	0.7288	0.8588	0.7518	0.8632
0.2846	0.5062	0.6110	0.7124	0.7449	0.7444	0.7356	0.8646
0.2500	0.4867	0.5653	0.6707	0.6583	0.7059	0.7306	0.8688
0.2400	0.4618	0.5473	0.6342	0.6532	0.7895	0.7464	0.8776
0.2245	0.4443	0.4908	0.5851	0.6613	0.8000	0.7236	0.8954
0.2090	0.3850	0.4718	0.5870	0.6129	1.0000	0.7244	0.8846
InitUrbanPropn female
0.2957	0.0000	0.0000	0.0000	0.0000	0.0000	0.7586	0.8808
0.2214	0.3475	0.0000	0.0000	0.0000	0.0000	0.7638	0.8892
0.1122	0.2850	0.4398	0.5483	0.0000	0.0000	0.7800	0.9050
0.1037	0.1979	0.3427	0.5092	0.6358	0.0000	0.7966	0.9364
0.1448	0.2452	0.4168	0.5926	0.6770	0.7424	0.7946	0.9288
0.1720	0.3127	0.5140	0.7005	0.7288	0.8441	0.8080	0.9048
0.1897	0.3565	0.5713	0.7556	0.7566	0.8750	0.8048	0.9020
0.1887	0.3848	0.6038	0.7767	0.7703	0.8824	0.8090	0.8984
0.2056	0.4223	0.6299	0.7932	0.7654	0.8587	0.8000	0.8906
0.2088	0.4556	0.6509	0.7980	0.7638	0.8452	0.8170	0.8844
0.2197	0.4960	0.6713	0.8046	0.7612	0.7624	0.8210	0.8818
0.2098	0.4995	0.6609	0.7881	0.7632	0.7833	0.8332	0.8870
0.2138	0.4736	0.6148	0.7446	0.7343	0.8125	0.8168	0.8938
0.2229	0.4932	0.6093	0.7238	0.6842	0.6250	0.8116	0.9022
0.2276	0.5079	0.5955	0.7045	0.7813	0.6667	0.8216	0.9124
0.2287	0.5027	0.5831	0.6854	0.6119	0.8000	0.8346	0.9210
0.2145	0.4695	0.5613	0.6811	0.6111	0.6667	0.8158	0.9322
0.2149	0.4242	0.5501	0.6745	0.6522	1.0000	0.8308	0.9298
UrbanToRural
0.00868	0.00721
0.00175	0.00188
0.00175	0.00188
0.00218	0.00228
0.00278	0.00263
0.00293	0.00263
0.00274	0.00240
0.00246	0.00195
0.00207	0.00154
0.00169	0.00127
0.00161	0.00116
0.00557	0.00455
0.00954	0.00340
0.00363	0.00106
0.00363	0.00106
0.00363	0.00106
0.00363	0.00106
0.00363	0.00106
RuralToUrban
0.00160	0.00160
0.00767	0.00884
0.01574	0.01650
0.04312	0.04044
0.06484	0.04969
0.03454	0.03038
0.01963	0.01618
0.01281	0.01209
0.00976	0.01194
0.00566	0.00563
0.00247	0.00667
0.00160	0.00160
0.00160	0.00160
0.00160	0.00168
0.00160	0.00168
0.00160	0.00168
0.00160	0.00168
0.00160	0.00168
UrbanAdjRace
1.00	0.15	1.06
RuralAdjRace
1.00	1.80	3.80
UrbanAdjEdu
1.00	1.00	1.00	1.00	1.00	1.30
RuralAdjEdu
0.66	0.57	0.73	1.00	1.13	1.72	
VisitFreq
1.7778	0.2222
LocationMixing
0.06
MaxVisitLength
12.0
MaxCoitalFreqWeight
0.70
AbsentPartnerConcurAdj
0.50
MarriedMigAdj
0.50	0.50	0.50
SeparatedMigAdj
2.00	2.00	2.00