MSMmarried
0.288	0.210137	0.673	2012
0.193	0.271831	0.270	2012
0.216	0.189357	0.521	2012
0.126	0.265682	0.283	2009
0.024	0.425750	0.548	2015
0.601	0.135281	0.284	2015
0.554	0.134951	0.288	2015
0.022	0.542280	0.403	2015
MSMrecentBi
0.284	0.180975	0.673	2012
0.080	0.382114	0.270	2012
0.230	0.184177	0.521	2012
0.406	0.178722	0.296	2012
0.257	0.206743	0.280	2012
0.609	0.160764	0.310	2008
MSMeverBi
0.697	0.188044	0.673	2012
0.401	0.205370	0.270	2012
0.676	0.219801	0.521	2012
0.729	0.213219	0.296	2012
0.489	0.152178	0.280	2012
0.865	0.247616	0.310	2008
0.356	0.187924	0.333	2008
0.443	0.139335	0.410	2011
0.484	0.129857	0.548	2015
0.681	0.142126	0.284	2015
0.601	0.136986	0.288	2015
0.565	0.159015	0.403	2015
MSMaged25plus
0.673	0.206999	0.673	2012
0.270	0.222034	0.270	2012
0.521	0.155515	0.521	2012
0.296	0.181917	0.296	2012
0.280	0.177175	0.280	2012
0.283	0.212023	0.283	2009
0.310	0.178659	0.310	2008
0.333	0.190591	0.333	2008
0.548	0.130393	0.548	2015
0.284	0.146902	0.284	2015
0.288	0.148137	0.288	2015
0.403	0.160720	0.403	2015
MSMcurrentReg
0.660	0.178430	0.296	2012
0.742	0.183983	0.280	2012
0.696	0.149380	0.310	2008
MSMmultPartners
0.687	0.193364	0.673	2012
0.603	0.181994	0.270	2012
0.710	0.178883	0.521	2012
0.297	0.166094	0.296	2012
0.378	0.168339	0.280	2012
EverMSMcurrentReg
0.277	0.214094281	0.521	2008
