ANC data (sentinel)
FPC data
GUD data
CSW data
Household data (sentinel)
1995	85	0.024	0.921	1.000	0.000841	0.000000	1	0.058	1	7	0
1998	475	0.034	0.921	1.000	0.000841	0.000000	1	0.215	1	9	0
1999	560	0.029	0.921	1.000	0.000841	0.000000	1	0.094	1	2	1
2000	606	0.033	0.921	1.000	0.000841	0.000000	0	0.000	1	7	0
2001	532	0.040	0.921	1.000	0.000841	0.000000	1	0.200	1	9	0
2002	2389	0.011	0.904	0.997	0.000841	0.000049	1	0.046	1	1	0
2002	1455	0.032	0.904	0.997	0.000841	0.000049	1	0.122	2	2	0
2002	291	0.039	0.904	0.997	0.000841	0.000049	1	0.302	2	7	0
2010	330	0.018	0.886	0.998	0.019044	0.000001	0	0.000	1	1	1
ANC data (national)
Household data (national)