     0		0.00787389	  0.138055	  0.294936	  0.351351	  0.401794	  0.449153	  0.484007	  0.487364	   0.53599	  0.506313	  0.599285	0.00787389	 0.0162046	 0.0183822	 0.0162486	 0.0189089	 0.0348922	 0.0336709	 0.0127023	  0.058137	 0.0417338	 0.0414263
     1		         0	  0.121053	   0.32147	  0.400775	  0.398903	  0.414043	  0.472717	  0.482906	  0.533294	  0.541372	  0.606951	 0.0103266	 0.0160234	 0.0112917	 0.0191899	 0.0277065	 0.0155749	 0.0300656	 0.0322152	 0.0284037	 0.0339619	 0.0243082
     2		0.00355681	 0.0997538	  0.257099	  0.347743	  0.404988	   0.41943	   0.47188	  0.479531	  0.506215	  0.612324	  0.586357	 0.0142272	 0.0185178	 0.0212917	 0.0222825	 0.0187941	 0.0207087	 0.0193063	 0.0281747	 0.0335037	 0.0402829	 0.0496872
     3		0.00362737	  0.124585	    0.2754	  0.347896	  0.401378	  0.436741	  0.418028	  0.524788	  0.574169	  0.586788	  0.592308	 0.0145095	 0.0129699	  0.028788	 0.0242761	 0.0212799	 0.0214805	 0.0343481	 0.0310246	 0.0324627	 0.0514701	 0.0446434
     4		         0	  0.117741	  0.276302	  0.331825	  0.428849	  0.438852	  0.413799	  0.495543	  0.566878	  0.525515	  0.587064	 0.0222326	 0.0189412	 0.0226052	 0.0153725	 0.0322134	 0.0376375	 0.0433776	 0.0322758	 0.0255001	   0.07102	 0.0356599
     5		         0	  0.124157	  0.276707	  0.392221	  0.421287	   0.43959	  0.471578	  0.511075	  0.573171	  0.525426	  0.618529	 0.0199012	  0.016854	 0.0181832	 0.0257079	 0.0168687	 0.0204138	 0.0304008	 0.0337022	 0.0366627	 0.0397777	 0.0354079
     6		0.00587762	  0.132036	  0.267613	  0.365984	  0.350652	  0.441261	  0.449042	  0.474411	  0.516904	  0.545411	  0.588087	 0.0146941	 0.0120066	 0.0153065	 0.0177606	 0.0272864	 0.0210291	 0.0290168	 0.0544646	 0.0204036	 0.0372977	 0.0415883
     7		0.00598986	  0.132086	  0.292112	  0.354647	  0.396176	   0.42978	  0.474662	  0.473899	  0.552119	  0.533887	  0.579277	 0.0168588	 0.0176428	 0.0172152	 0.0236698	 0.0140446	  0.019476	 0.0334599	 0.0310871	 0.0335597	 0.0578265	 0.0367975
     8		         0	  0.121267	  0.253822	  0.379649	  0.413417	  0.465401	  0.483564	   0.49158	  0.471567	  0.532169	  0.547959	 0.0102863	 0.0103485	 0.0192908	 0.0222729	 0.0260279	 0.0242142	 0.0281355	 0.0396728	  0.054535	 0.0503922	 0.0454588
     9		0.00463644	 0.0776735	  0.250268	  0.350394	  0.377257	  0.403672	  0.494602	  0.473328	  0.548107	  0.581153	  0.596769	0.00927289	 0.0171762	 0.0222007	 0.0213218	 0.0221644	 0.0286583	 0.0248017	 0.0305619	 0.0253974	 0.0469798	 0.0205785
    10		0.00726378	  0.129412	   0.30029	   0.37347	  0.379574	    0.4594	  0.517749	  0.483142	  0.535813	   0.56139	  0.554752	0.00252514	 0.0190386	 0.0140244	 0.0173317	 0.0238508	 0.0300579	 0.0278598	 0.0472289	 0.0311908	 0.0389264	 0.0336107
    11		0.00327457	 0.0904472	  0.241348	  0.345169	  0.377302	  0.427248	  0.416075	  0.486309	  0.494878	  0.570504	  0.593314	0.00654915	 0.0191118	 0.0142526	   0.01913	 0.0253703	 0.0214944	 0.0452502	 0.0496475	 0.0481963	 0.0264067	 0.0300702
    12		         0	  0.141042	  0.289633	   0.38022	     0.372	  0.452019	  0.472317	  0.481255	  0.539828	  0.543362	  0.629267	 0.0119368	 0.0153479	 0.0101145	 0.0288472	 0.0294339	 0.0282274	 0.0250302	 0.0252951	 0.0216846	 0.0428351	 0.0299289
    13		0.00291468	   0.13615	  0.258059	  0.348641	   0.40724	  0.422226	  0.451963	  0.479564	  0.564401	  0.603713	  0.604662	0.00874404	 0.0185096	 0.0225406	 0.0263259	 0.0259752	 0.0288222	 0.0327033	 0.0395677	 0.0280485	  0.043885	  0.039095
    14		         0	 0.0970129	   0.25936	  0.320304	  0.388173	  0.445464	  0.428363	  0.508165	   0.57089	  0.537553	  0.604462	 0.0149642	 0.0169337	 0.0182368	 0.0310505	 0.0167157	 0.0311123	 0.0375748	 0.0399472	 0.0343389	 0.0560277	 0.0538946
    15		0.00313416	  0.114158	  0.225847	  0.342056	  0.403766	  0.428607	  0.438706	  0.465159	   0.52038	  0.532815	  0.641157	0.00884761	 0.0188535	 0.0194217	 0.0245102	 0.0228465	 0.0306765	 0.0338662	 0.0454841	 0.0345837	 0.0271208	 0.0490453
    16		0.00361602	  0.152605	  0.293298	  0.372049	  0.406525	  0.423995	  0.414963	  0.505117	  0.488375	  0.518411	  0.563233	0.00723204	 0.0157993	 0.0157714	 0.0104894	 0.0212209	 0.0282658	 0.0274454	 0.0286161	 0.0351423	 0.0641961	 0.0485686
    17		0.00344468	 0.0720431	  0.235739	  0.341273	   0.40371	  0.426215	  0.447217	  0.501537	  0.538051	  0.577494	  0.599304	0.00344468	 0.0178712	 0.0192294	 0.0149466	 0.0302742	 0.0372395	 0.0251216	 0.0206211	 0.0351155	 0.0506238	 0.0298547
    18		         0	  0.122565	  0.261436	  0.367478	  0.375222	  0.391019	  0.489384	  0.487455	   0.53693	  0.499845	  0.595047	 0.0104327	 0.0136249	 0.0191042	 0.0232329	 0.0118237	 0.0245503	 0.0278358	 0.0517206	 0.0347066	 0.0567521	  0.034862
    19		0.00333357	  0.105081	  0.241928	  0.351682	   0.41277	  0.454446	  0.468609	  0.538627	  0.534871	  0.548875	  0.568364	 0.0100007	 0.0152388	  0.022074	 0.0162236	 0.0155013	 0.0238532	 0.0367015	 0.0267108	 0.0351292	 0.0363071	 0.0441421
    20		         0	  0.106811	  0.267919	  0.326002	  0.418024	  0.401545	  0.437457	  0.479766	  0.586997	  0.539427	  0.573788	0.00971011	 0.0149145	 0.0200101	 0.0213397	 0.0240664	 0.0367043	 0.0360913	 0.0283257	 0.0278163	  0.038134	 0.0328693
    21		         0	 0.0815692	  0.291224	    0.3555	  0.384217	  0.421692	  0.437796	    0.4878	  0.531497	  0.579114	  0.566155	 0.0214278	 0.0228065	 0.0293182	 0.0265799	 0.0263034	 0.0185979	 0.0432692	 0.0347766	 0.0401317	  0.038404	 0.0483177
    22		         0	 0.0946581	   0.23474	  0.347642	  0.409979	  0.459081	  0.470867	  0.505469	  0.497973	  0.572833	  0.607233	 0.0244964	 0.0144957	  0.018319	  0.030836	 0.0286297	 0.0167571	 0.0341904	 0.0284338	 0.0363531	 0.0158602	 0.0365937
    23		         0	  0.107734	   0.27108	  0.332186	   0.38722	  0.425886	  0.462777	  0.520079	  0.538205	  0.530406	  0.587482	 0.0163826	 0.0101629	 0.0152579	 0.0198869	 0.0250643	 0.0296218	 0.0337992	 0.0359229	 0.0294816	   0.07359	 0.0398293
    24		 0.0104212	  0.138807	   0.27076	  0.350859	  0.401189	  0.456497	   0.42576	  0.480487	  0.499881	  0.569877	  0.565689	 0.0104212	 0.0174872	 0.0225708	 0.0279984	  0.026657	 0.0268141	 0.0327911	 0.0401713	 0.0376253	 0.0413941	 0.0431857
    25		0.00650412	  0.159547	  0.310365	  0.373929	  0.420126	  0.463267	   0.48722	  0.489516	  0.542064	  0.606375	   0.60318	0.00240779	 0.0150739	 0.0273349	 0.0161997	 0.0229174	 0.0273778	 0.0433366	 0.0468813	 0.0465411	 0.0286021	 0.0327452
    26		0.00390971	  0.135038	  0.314017	  0.342788	  0.413347	  0.445968	  0.428848	  0.520738	   0.50425	  0.568787	  0.643289	0.00781941	 0.0104316	 0.0107107	  0.020719	 0.0204255	 0.0212948	 0.0357833	 0.0318331	 0.0369601	 0.0280556	 0.0273316
    27		0.00596006	   0.12895	  0.304876	  0.352964	  0.431725	  0.442234	  0.451681	   0.52376	  0.577073	  0.601682	  0.596011	0.00596006	0.00740024	 0.0263696	 0.0184974	 0.0185159	 0.0297856	 0.0224199	 0.0306746	 0.0295992	 0.0411653	 0.0458567
    28		 0.0019889	  0.115244	  0.279613	   0.33194	   0.39974	  0.425171	  0.427223	  0.470377	  0.510226	  0.550999	  0.578685	 0.0135946	 0.0155074	 0.0223146	 0.0201001	 0.0216297	 0.0306209	 0.0352373	 0.0283583	 0.0408058	 0.0357939	 0.0208926
    29		         0	  0.112411	  0.274448	  0.343543	  0.408332	  0.455737	   0.45226	  0.494909	  0.512967	  0.568933	  0.589973	 0.0124593	 0.0169098	 0.0276823	  0.023274	 0.0207291	 0.0294612	 0.0324269	 0.0356803	 0.0421067	 0.0411134	 0.0433315
    30		0.00825288	  0.144482	  0.294727	  0.379256	  0.407973	   0.45722	  0.498634	  0.493274	  0.546326	  0.540573	  0.579999	0.00550192	 0.0221758	 0.0231673	 0.0190587	 0.0168491	 0.0328037	 0.0162915	 0.0383005	 0.0332086	 0.0372005	 0.0414218
    31		         0	 0.0919209	   0.25428	  0.333125	  0.429254	  0.423539	  0.481397	  0.525067	  0.506251	  0.558724	  0.583618	 0.0120352	 0.0157422	 0.0208033	 0.0242517	 0.0201098	 0.0250334	 0.0458949	 0.0392565	 0.0261835	 0.0478049	 0.0473982
    32		 0.0140656	  0.153656	  0.297837	  0.364135	  0.406058	  0.450655	  0.442318	  0.471448	  0.498925	   0.57722	  0.558278	0.00890222	 0.0190199	 0.0148131	 0.0167474	 0.0236118	  0.029418	 0.0234358	 0.0406573	 0.0397948	 0.0534476	 0.0356209
    33		         0	  0.128901	  0.299383	   0.37598	  0.405646	   0.44038	  0.495605	  0.536072	  0.498636	  0.586081	  0.665052	0.00678855	 0.0158744	 0.0220821	 0.0228365	 0.0245208	 0.0271412	 0.0298817	 0.0357818	 0.0425522	 0.0557281	 0.0339152
    34		0.00555314	  0.148949	  0.305618	  0.384146	   0.40806	  0.423139	    0.4446	  0.539758	  0.559785	  0.605226	  0.577008	0.00555314	 0.0101092	 0.0263108	 0.0223238	 0.0133757	 0.0232657	 0.0410794	 0.0276492	 0.0340244	 0.0384477	 0.0487125
    35		0.00287811	  0.102697	  0.264647	  0.358795	  0.428983	  0.429888	  0.471309	  0.481646	  0.523921	   0.53935	  0.541653	0.00575622	  0.015501	 0.0199924	 0.0186539	 0.0129937	 0.0213037	 0.0304982	   0.05263	  0.044764	 0.0514988	  0.041831
    36		0.00324988	  0.117836	  0.273429	  0.364023	  0.423379	   0.42148	  0.418289	  0.492603	  0.570936	  0.608496	   0.56881	 0.0121122	 0.0113769	 0.0202197	 0.0158914	 0.0155796	 0.0231161	 0.0357958	 0.0250616	 0.0317506	 0.0301671	 0.0419339
    37		 0.0092401	  0.112954	  0.289311	  0.381325	  0.410026	  0.457443	  0.442096	  0.501409	  0.513305	  0.506653	  0.575666	 0.0210525	 0.0121186	 0.0205543	 0.0167165	  0.019847	 0.0383701	  0.031176	 0.0343644	 0.0250046	 0.0186577	 0.0395973
    38		0.00285917	  0.126966	  0.279413	  0.344442	  0.417894	  0.437088	  0.457319	  0.519905	  0.528796	  0.538237	  0.606342	 0.0114367	  0.020346	 0.0207175	 0.0197853	 0.0231472	 0.0314401	 0.0276101	 0.0214839	 0.0472679	 0.0566177	 0.0366968
    39		0.00408867	  0.129887	  0.281057	  0.383789	  0.379629	  0.443941	  0.437562	  0.492577	  0.499096	  0.561002	  0.587532	  0.014934	 0.0157466	  0.019393	 0.0176333	 0.0243901	 0.0230635	 0.0319927	 0.0312736	 0.0332028	 0.0626424	 0.0749276
    40		         0	  0.130387	  0.275581	  0.341966	  0.399812	  0.459095	  0.459172	  0.526928	  0.505426	  0.574304	  0.610856	 0.0112421	 0.0152824	 0.0176704	 0.0278441	 0.0280271	 0.0251524	 0.0382744	  0.025522	 0.0321596	 0.0534503	 0.0411683
    41		         0	  0.088291	  0.277582	  0.335379	  0.391271	  0.431184	  0.449455	  0.473042	  0.522759	  0.541118	  0.557025	 0.0306276	 0.0150425	 0.0238247	 0.0247352	 0.0260692	 0.0245579	 0.0231548	 0.0390072	 0.0573763	 0.0265621	 0.0698507
    42		0.00329838	  0.120481	  0.265769	  0.347895	  0.412566	  0.432822	  0.454531	  0.509984	  0.508673	  0.496959	  0.593983	   0.01521	 0.0208767	 0.0189774	  0.015217	 0.0193172	 0.0235814	 0.0300279	 0.0108586	  0.025834	 0.0447813	 0.0297308
    43		         0	  0.118734	  0.281495	  0.378994	  0.426479	  0.442796	  0.473674	  0.518356	  0.528083	   0.58087	  0.572318	 0.0209501	 0.0202035	 0.0172905	 0.0254917	 0.0126191	 0.0234314	 0.0280371	 0.0444344	  0.058087	 0.0649395	 0.0376655
    44		0.00544202	  0.117715	  0.280141	  0.378901	   0.39031	  0.432371	  0.458617	  0.475987	  0.530236	  0.508154	  0.590558	0.00675049	  0.017036	 0.0168973	 0.0268159	 0.0333622	 0.0154834	 0.0380805	 0.0333784	 0.0404951	 0.0372108	 0.0363301
    45		0.00556507	  0.136494	  0.294085	  0.377488	   0.42512	  0.415317	  0.427827	  0.493288	  0.500985	  0.592271	  0.594495	 0.0111301	 0.0230176	 0.0178425	 0.0160936	  0.032134	 0.0161381	 0.0364062	 0.0260729	 0.0467617	 0.0422927	 0.0390167
    46		         0	   0.11418	  0.249292	  0.353206	  0.409424	  0.400719	  0.427559	  0.515219	  0.539998	  0.525921	  0.621589	 0.0174539	0.00907353	  0.024384	 0.0199616	 0.0231243	 0.0321349	 0.0263755	 0.0381342	 0.0399298	 0.0431512	 0.0435237
    47		0.00391711	 0.0928982	  0.243908	  0.321387	  0.376451	  0.443293	   0.44266	  0.478505	  0.497423	  0.570138	   0.62598	 0.0156684	 0.0149361	 0.0298855	 0.0290397	 0.0230548	 0.0318079	 0.0389721	 0.0379995	 0.0426013	 0.0504405	 0.0423132
    48		         0	  0.100163	  0.256011	   0.33639	  0.402316	  0.432228	  0.452579	  0.515601	  0.531711	  0.542257	  0.578587	 0.0101275	 0.0163784	  0.025799	 0.0299602	 0.0233827	  0.027924	 0.0169223	   0.03227	  0.032436	 0.0301676	 0.0402618
    49		0.00263279	  0.128866	  0.263882	  0.365888	  0.395586	  0.456782	  0.465785	  0.516165	  0.512301	  0.515116	  0.559174	0.00585845	 0.0168096	0.00921927	 0.0197026	  0.028489	 0.0239145	 0.0274661	 0.0225022	 0.0346706	 0.0484426	 0.0381464
