     0		         0	         0	0.00378991	0.00450224	 0.0092083	 0.0189948	 0.0359355	 0.0593362	 0.0433348	  0.110067	  0.139082	  0.410639	  0.360594	  0.393577	  0.401456	  0.417646	  0.420876	   0.39559	  0.396338	  0.364767	  0.300499	   0.27206
     1		         0	         0	0.00202796	0.00564162	  0.016528	 0.0241272	 0.0260067	 0.0481236	 0.0432094	 0.0889102	  0.107899	   0.36587	  0.364501	  0.380982	  0.395533	  0.375044	  0.417869	  0.415884	  0.409404	  0.397117	  0.378979	  0.311429
     2		         0	         0	 0.0070611	 0.0124688	 0.0128144	 0.0193803	 0.0250154	 0.0317618	 0.0364478	 0.0824556	  0.146442	  0.393046	  0.348588	  0.392809	  0.433017	  0.371241	  0.428338	  0.396079	  0.387997	  0.440901	  0.401306	  0.273731
     3		         0	         0	0.00502893	 0.0139803	  0.017026	 0.0151319	 0.0147666	 0.0446977	 0.0616596	 0.0603512	  0.149962	  0.401146	  0.349721	  0.378776	  0.418461	  0.380166	  0.405035	  0.412665	  0.416873	  0.443036	  0.437231	  0.278233
     4		         0	         0	0.00382164	 0.0106888	 0.0151616	 0.0227245	 0.0313071	 0.0603449	 0.0790437	 0.0885099	  0.137616	  0.353121	  0.353268	  0.388397	  0.376278	  0.376853	  0.419557	  0.348335	  0.426145	  0.422676	  0.384328	  0.253448
     5		         0	         0	0.00203442	0.00985881	 0.0151843	 0.0181914	 0.0222275	 0.0554608	 0.0693707	  0.076316	  0.104653	  0.428763	  0.384158	  0.397617	  0.417238	  0.422957	  0.432184	  0.409718	  0.401976	  0.406694	  0.367852	  0.327896
     6		         0	         0	0.00202932	 0.0088873	 0.0123471	 0.0202104	 0.0309058	 0.0538232	 0.0721538	 0.0654052	  0.123794	  0.391042	  0.359319	  0.353666	  0.392511	   0.39394	  0.402994	  0.392437	  0.408741	   0.37017	  0.374727	  0.272582
     7		         0	         0	0.00530693	0.00965865	  0.012917	 0.0187703	 0.0292964	 0.0401263	 0.0657029	 0.0652963	  0.121945	  0.396142	  0.370812	  0.365649	  0.393893	  0.386205	    0.4057	  0.425805	  0.425733	  0.361633	  0.415965	  0.284704
     8		         0	         0	0.00361016	 0.0101474	 0.0197449	 0.0198409	 0.0238137	  0.028101	 0.0909692	 0.0928444	   0.14772	  0.413066	  0.378167	  0.397221	  0.445543	  0.417834	  0.441622	  0.387644	  0.380941	  0.331816	   0.30317	  0.261544
     9		         0	         0	 0.0039812	0.00734342	 0.0176185	 0.0200413	 0.0238918	 0.0497874	 0.0421334	 0.0809241	 0.0819995	  0.426386	  0.380751	  0.358083	  0.384453	  0.402832	  0.411175	   0.38337	  0.396187	   0.45731	  0.418498	  0.313562
    10		         0	         0	0.00483414	0.00645318	 0.0159914	 0.0261733	 0.0375085	 0.0441892	 0.0659944	 0.0980874	  0.115453	  0.385939	  0.344643	  0.378794	  0.402289	  0.409147	  0.443856	  0.421096	  0.431948	  0.333243	  0.319486	  0.255923
    11		         0	         0	0.00283098	0.00817257	0.00643422	 0.0275972	 0.0244255	  0.056345	  0.102174	 0.0830031	  0.105721	  0.367596	  0.339398	  0.383466	  0.392245	  0.400211	  0.384515	  0.359346	  0.413898	  0.390034	  0.382333	  0.310803
    12		         0	0.000922661	0.00286218	0.00464628	 0.0199138	 0.0278025	 0.0330501	 0.0459037	 0.0410552	 0.0631595	  0.123773	  0.435559	  0.355248	  0.385067	  0.430611	  0.412467	  0.392569	   0.38984	  0.400319	  0.418912	  0.425814	    0.2857
    13		         0	         0	0.00479166	 0.0115182	 0.0258944	 0.0203672	 0.0291582	 0.0505163	 0.0531802	 0.0804516	  0.145454	  0.385629	  0.340433	  0.370046	  0.392615	  0.395321	  0.383804	   0.41937	    0.4553	  0.406764	  0.393187	  0.296186
    14		         0	         0	0.00639839	 0.0098016	 0.0165853	 0.0270965	  0.029077	 0.0554866	 0.0547716	  0.105016	  0.172983	  0.418742	  0.325809	  0.373742	  0.401995	   0.41693	  0.385497	  0.408794	  0.396469	  0.403314	  0.356418	  0.278129
    15		         0	         0	0.00195787	 0.0155987	 0.0186818	  0.018994	 0.0337533	 0.0435547	 0.0730252	 0.0896238	  0.139285	  0.350179	  0.330471	  0.362492	  0.403575	   0.39776	  0.388969	  0.386915	  0.386735	   0.42892	  0.363004	  0.282974
    16		         0	         0	0.00596791	0.00327067	 0.0182847	 0.0172946	  0.043071	 0.0459905	 0.0479479	 0.0850019	  0.158227	   0.43315	  0.402553	  0.375068	  0.417455	  0.399846	  0.377297	  0.393882	  0.383788	  0.365728	  0.348862	  0.268076
    17		         0	         0	0.00483426	 0.0107122	0.00932194	 0.0238503	 0.0511862	 0.0406495	 0.0393958	 0.0573339	  0.107556	  0.344882	  0.348743	   0.34842	  0.397096	  0.383896	  0.393907	  0.397402	  0.409948	  0.440591	   0.44122	  0.297916
    18		         0	0.000789684	0.00677071	 0.0112141	 0.0142998	 0.0213084	 0.0276914	 0.0532046	 0.0681132	 0.0687396	  0.154352	  0.382467	   0.33623	  0.369489	  0.383637	  0.386761	  0.421601	  0.350104	  0.408019	  0.419109	   0.36263	  0.271775
    19		         0	         0	0.00586852	0.00986328	 0.0154628	0.00823615	 0.0247935	 0.0484449	 0.0754628	 0.0809197	  0.114694	  0.409732	  0.329976	  0.356383	  0.413237	  0.406611	  0.451913	  0.409047	  0.441065	  0.375432	  0.332947	  0.293816
    20		         0	         0	0.00561753	0.00744291	 0.0150439	 0.0198774	  0.031825	  0.056731	 0.0928518	 0.0513492	  0.110983	  0.378397	  0.349302	  0.385841	  0.385868	  0.386851	   0.39739	  0.383156	  0.423865	  0.420493	  0.399605	  0.251041
    21		         0	         0	0.00298299	0.00904645	  0.024178	 0.0206516	 0.0218477	 0.0585364	 0.0697764	 0.0870067	  0.140899	  0.402986	  0.378132	   0.38914	  0.396873	  0.377404	  0.406129	  0.411577	  0.370063	   0.45116	  0.392588	  0.254196
    22		         0	         0	0.00477869	 0.0118796	 0.0229329	 0.0297093	 0.0292385	 0.0318658	 0.0354239	 0.0937295	 0.0963507	  0.311168	  0.342661	  0.365216	  0.393194	  0.382682	  0.413755	  0.405276	  0.413229	  0.393062	  0.391896	  0.297831
    23		         0	         0	0.00196088	0.00529926	 0.0101957	 0.0234633	 0.0406837	 0.0595734	 0.0490229	 0.0650928	    0.1657	  0.374996	   0.34621	  0.359373	  0.392645	  0.409856	  0.411907	   0.41384	   0.39839	  0.360435	  0.399779	  0.257106
    24		         0	         0	0.00378586	 0.0115109	  0.018885	 0.0239743	 0.0257276	 0.0517019	 0.0590857	 0.0846539	  0.126092	  0.367577	  0.382561	  0.368802	     0.406	  0.372668	  0.373728	  0.390917	  0.419875	  0.354514	  0.430083	  0.271904
    25		         0	         0	 0.0028757	  0.012706	 0.0148319	 0.0169417	 0.0307936	 0.0555503	  0.083118	 0.0993948	  0.121161	  0.418349	  0.373725	  0.388791	  0.418908	  0.443534	  0.431718	  0.420667	  0.414641	  0.414264	  0.377373	  0.298327
    26		         0	         0	 0.0037018	0.00926135	  0.014611	 0.0160964	 0.0219101	  0.055458	 0.0483566	 0.0813128	  0.124134	  0.418428	   0.37672	  0.394471	   0.40815	  0.391124	  0.401896	  0.449537	  0.399928	  0.416994	  0.350177	  0.313067
    27		         0	         0	0.00197627	 0.0110256	 0.0189604	 0.0202396	 0.0196024	 0.0429675	 0.0658178	 0.0967459	  0.130558	  0.391816	  0.367014	  0.378884	   0.42865	     0.399	  0.407431	  0.440053	  0.440034	  0.389202	  0.404558	  0.293108
    28		         0	0.000884446	0.00388339	 0.0104118	 0.0141434	 0.0238421	 0.0337732	 0.0661238	 0.0429365	  0.102067	 0.0920885	  0.360433	  0.359651	   0.36394	  0.391114	  0.390061	  0.374794	  0.417379	  0.361942	  0.431421	  0.389605	  0.240288
    29		         0	         0	0.00887538	 0.0157841	 0.0168123	 0.0184302	  0.033508	 0.0467236	 0.0857344	 0.0805743	  0.128723	  0.382705	  0.347106	  0.378452	  0.404426	  0.403125	  0.410784	   0.42286	  0.368559	  0.379679	  0.354356	  0.308306
    30		         0	0.000918001	 0.0058599	 0.0117111	 0.0124607	 0.0147727	 0.0406742	 0.0347976	 0.0464658	  0.115256	  0.118518	  0.406416	  0.387968	  0.389477	  0.435814	  0.408083	  0.432959	  0.433441	  0.428561	  0.389828	  0.306629	  0.284176
    31		         0	         0	0.00203309	  0.010874	  0.013799	 0.0230348	 0.0327052	 0.0858242	 0.0855749	 0.0443271	  0.138541	  0.389321	  0.346662	  0.382714	  0.417145	  0.424572	  0.413788	  0.392657	   0.37736	  0.423837	  0.416537	  0.254054
    32		         0	         0	 0.0036828	 0.0112916	 0.0101201	 0.0181811	 0.0264439	 0.0366004	 0.0646765	 0.0723393	  0.138353	  0.395444	  0.352818	  0.391672	  0.405147	  0.386632	  0.427427	  0.349048	  0.378921	  0.410979	   0.37009	  0.249109
    33		         0	         0	0.00286193	 0.0154959	 0.0161801	 0.0245912	  0.026793	 0.0470361	 0.0525941	  0.110497	  0.151976	  0.413403	  0.378193	   0.39485	  0.395077	  0.435176	   0.43517	  0.427299	  0.405752	   0.39286	  0.431601	  0.335165
    34		         0	         0	0.00285524	 0.0132099	 0.0127218	 0.0166388	 0.0233937	 0.0475182	 0.0797097	 0.0647186	    0.1442	  0.399003	  0.381234	   0.38967	  0.398098	  0.407882	  0.411337	  0.460249	  0.380541	   0.42139	  0.378123	   0.27293
    35		         0	         0	0.00282956	 0.0130586	 0.0103951	 0.0163465	  0.023216	 0.0304321	 0.0845108	  0.107934	  0.129198	  0.358786	  0.330732	  0.376907	  0.403704	  0.403663	  0.396334	   0.41595	  0.415317	  0.367393	  0.369292	  0.264402
    36		         0	0.000852375	 0.0039368	0.00762659	0.00838118	 0.0111188	 0.0188768	 0.0483586	 0.0504141	 0.0884534	  0.114718	  0.409568	  0.385146	  0.405327	  0.401022	  0.413604	  0.403923	  0.404365	  0.449012	   0.35777	   0.39744	  0.253601
    37		         0	         0	0.00286707	0.00940052	0.00755866	 0.0169279	 0.0400839	 0.0538443	 0.0597161	 0.0449187	  0.111039	  0.399907	  0.379123	  0.388113	  0.424476	  0.431695	  0.430764	  0.418974	  0.413134	  0.345417	  0.355802	   0.25881
    38		         0	         0	0.00189025	0.00714817	 0.0110313	 0.0217608	 0.0263854	 0.0406004	 0.0508164	 0.0708655	  0.136483	  0.370213	  0.372703	  0.387264	  0.419083	  0.401752	  0.436834	  0.368282	  0.439518	  0.420093	  0.327195	  0.306636
    39		         0	         0	0.00190014	 0.0106551	 0.0103662	 0.0171431	 0.0273957	 0.0574178	 0.0574395	  0.055982	  0.209959	  0.415171	  0.364454	  0.401671	   0.36904	  0.407145	  0.400568	  0.388947	  0.367413	  0.410967	  0.347598	  0.282917
    40		         0	         0	0.00394736	 0.0126447	 0.0172677	 0.0214011	 0.0300857	 0.0431927	 0.0765782	 0.0812764	  0.140234	  0.387983	  0.356669	  0.364688	  0.411758	  0.410026	  0.421024	  0.415757	   0.38087	  0.382424	  0.424677	  0.291285
    41		         0	         0	0.00313234	0.00794859	 0.0173355	 0.0253119	 0.0315225	 0.0562305	 0.0527151	  0.101909	  0.162672	   0.34803	  0.385119	  0.374007	  0.381562	  0.394459	  0.383414	    0.3804	   0.41531	  0.395295	  0.313005	  0.260223
    42		         0	         0	0.00382401	0.00960942	 0.0121497	  0.019252	 0.0244568	 0.0458503	 0.0303412	 0.0436487	  0.116319	  0.397022	  0.345554	  0.391956	     0.404	  0.393922	  0.397675	   0.42262	  0.409025	  0.410352	  0.343847	  0.289383
    43		         0	         0	 0.0049254	 0.0129406	 0.0111229	 0.0140101	 0.0213272	 0.0345115	 0.0655156	  0.141981	  0.160441	  0.386942	  0.323671	  0.374652	  0.423808	  0.411495	   0.41935	  0.399937	  0.460299	  0.382553	  0.388209	  0.252628
    44		         0	         0	0.00605799	  0.011282	 0.0222467	 0.0178395	 0.0364784	 0.0497326	 0.0723753	  0.098744	  0.146608	  0.389742	  0.370592	  0.384732	  0.392185	  0.405015	   0.41247	  0.406251	  0.315075	  0.368307	  0.348852	  0.284444
    45		         0	         0	0.00892093	 0.0115086	 0.0142784	 0.0238317	 0.0155961	 0.0447312	 0.0490031	  0.073534	  0.144513	  0.437612	  0.360244	  0.353414	   0.41371	  0.374931	  0.388607	  0.422124	  0.404643	  0.430515	  0.394074	  0.301404
    46		         0	         0	0.00280373	0.00863805	 0.0180275	 0.0244567	  0.034794	 0.0442181	 0.0559403	 0.0966519	  0.134708	  0.360984	  0.340469	  0.378751	  0.386921	  0.389379	  0.408295	   0.36493	  0.430075	  0.436782	  0.345296	  0.285463
    47		         0	         0	0.000975937	 0.0117372	 0.0132614	 0.0275136	 0.0403103	 0.0571131	 0.0442552	 0.0826002	  0.164047	  0.381345	  0.324486	  0.347413	  0.400763	  0.381814	  0.409142	  0.340278	  0.409412	  0.439882	  0.391776	  0.289428
    48		         0	         0	0.00390952	 0.0101213	 0.0172181	 0.0179286	 0.0357512	 0.0269095	 0.0580723	 0.0755462	 0.0958244	  0.371441	  0.351856	  0.368165	   0.41148	  0.389317	  0.399773	  0.413893	  0.395232	  0.430827	  0.406951	  0.252942
    49		         0	         0	0.00187321	0.00516935	 0.0147041	 0.0219371	 0.0269765	 0.0470434	 0.0477955	 0.0807066	  0.121307	  0.421445	  0.334781	  0.407121	  0.395692	  0.405458	  0.429866	  0.411746	   0.44206	    0.3487	  0.357905	  0.235811
