     0		         0	         0	         0	         0	         0	 0.0907287	         0	 0.0556458	         0	 0.0471147	 0.0526547	 0.0337559	 0.0462918	 0.0706064	 0.0387894	  0.139078	  0.330448	  0.202802	  0.126815	  0.161591	  0.307138	   0.13909	 0.0834435	         0	         0	         0
     1		         0	         0	         0	 0.0472747	         0	         0	         0	 0.0552737	         0	 0.0833439	   0.13049	  0.060374	  0.137651	 0.0455309	  0.235072	  0.102746	  0.126547	  0.201535	  0.129302	   0.13333	  0.268431	  0.193328	  0.263813	         0	         0	         0
     2		         0	         0	         0	         0	         0	 0.0563216	  0.137036	 0.0762908	  0.109939	  0.103064	   0.21833	  0.152455	  0.083237	  0.119136	  0.105253	  0.233378	  0.203464	  0.148089	  0.139962	  0.166677	  0.295371	  0.280065	  0.239451	         0	         0	         0
     3		         0	         0	         0	         0	         0	         0	         0	         0	         0	  0.113446	 0.0524909	         0	         0	 0.0514926	  0.223858	 0.0672895	  0.094731	  0.145282	 0.0417597	  0.112154	 0.0742064	  0.164631	  0.186755	         0	         0	         0
     4		         0	         0	         0	         0	         0	  0.109324	         0	  0.219015	  0.146233	  0.135959	  0.192282	  0.201315	  0.150023	  0.272189	  0.248307	  0.281282	  0.294033	  0.355075	  0.180006	  0.198454	  0.258008	  0.328844	   0.27873	         0	         0	         0
     5		         0	         0	         0	 0.0770818	         0	 0.0543618	         0	 0.0557967	         0	 0.0731673	  0.100414	 0.0469255	  0.232975	  0.210119	  0.129128	  0.143408	 0.0459934	  0.152423	   0.22411	   0.16086	  0.107048	  0.161438	   0.12864	         0	         0	         0
     6		         0	         0	         0	         0	         0	         0	 0.0419343	 0.0476558	         0	 0.0473751	 0.0779603	  0.232602	  0.168397	 0.0482002	 0.0654746	 0.0740155	  0.112197	  0.223422	  0.190214	         0	  0.191779	 0.0747297	  0.132455	         0	         0	         0
     7		         0	         0	         0	         0	  0.145215	         0	  0.151918	  0.061556	 0.0603227	  0.133561	  0.206161	 0.0444822	  0.294517	  0.177926	 0.0440195	   0.24139	  0.133567	  0.322927	   0.17827	  0.509274	  0.329085	  0.220843	  0.197816	         0	         0	         0
     8		         0	         0	         0	         0	         0	         0	 0.0502829	 0.0402122	         0	         0	 0.0348883	 0.0861975	         0	         0	  0.121779	         0	 0.0367766	  0.204236	  0.111814	  0.114717	 0.0971005	  0.141668	  0.132845	         0	         0	         0
     9		         0	 0.0932242	         0	         0	 0.0965144	  0.062251	 0.0885212	         0	         0	 0.0750854	  0.132173	         0	   0.04736	  0.093026	 0.0577073	 0.0820884	 0.0756588	         0	  0.145003	 0.0980902	  0.106095	 0.0675462	  0.108187	         0	         0	         0
    10		         0	         0	         0	         0	         0	 0.0669175	         0	         0	 0.0795203	 0.0626071	         0	 0.0530201	         0	         0	  0.167063	 0.0569749	  0.105293	 0.0672848	  0.206453	  0.221758	  0.230372	  0.250113	  0.161659	         0	         0	         0
    11		         0	         0	         0	         0	         0	         0	 0.0555735	         0	         0	 0.0597768	 0.0466243	 0.0543518	         0	         0	         0	         0	 0.0520521	 0.0496481	  0.225742	  0.173978	 0.0531363	  0.182206	  0.124212	         0	         0	         0
    12		         0	         0	         0	         0	         0	         0	         0	         0	 0.0484042	         0	  0.111104	 0.0800489	 0.0797129	         0	 0.0442753	  0.128582	         0	 0.0496381	  0.135104	  0.176892	  0.126217	  0.145002	 0.0388301	         0	         0	         0
    13		         0	         0	         0	         0	         0	         0	         0	         0	 0.0605369	         0	         0	 0.0770363	  0.102064	  0.153474	 0.0766231	 0.0953375	  0.154922	 0.0567404	  0.301574	  0.157776	 0.0796304	 0.0606877	  0.253854	         0	         0	         0
    14		         0	         0	         0	         0	         0	         0	         0	         0	         0	         0	 0.0348059	 0.0467977	         0	 0.0645572	 0.0867324	 0.0581742	 0.0682825	 0.0830561	  0.143864	 0.0963958	 0.0464403	         0	  0.111976	         0	         0	         0
    15		         0	         0	         0	         0	         0	         0	  0.132596	         0	  0.116276	  0.160012	 0.0748863	 0.0923391	 0.0940203	 0.0827693	  0.103518	  0.164694	 0.0597567	  0.133626	  0.115405	  0.278434	 0.0886629	  0.251879	  0.158213	         0	         0	         0
    16		         0	         0	         0	         0	         0	         0	         0	         0	         0	 0.0648614	 0.0524498	 0.0447961	 0.0455987	  0.144381	  0.054277	         0	  0.144296	 0.0959533	  0.241846	  0.157357	  0.137677	  0.164151	   0.15617	         0	         0	         0
    17		         0	         0	         0	         0	         0	         0	  0.102225	  0.049335	         0	         0	 0.0658477	         0	  0.121649	 0.0390873	   0.19545	 0.0853961	 0.0820743	  0.255945	 0.0406744	  0.167938	  0.202602	 0.0887033	  0.228239	         0	         0	         0
    18		         0	  0.097776	         0	         0	         0	  0.044356	  0.175277	  0.135379	  0.130178	 0.0757449	  0.132105	         0	  0.140491	 0.0858683	  0.133549	  0.127542	  0.191817	 0.0462332	 0.0995947	  0.236446	  0.276085	  0.127461	   0.15182	         0	         0	         0
    19		         0	         0	         0	         0	         0	         0	         0	  0.134203	         0	 0.0417587	 0.0747318	 0.0497079	         0	  0.208222	  0.110677	   0.10892	  0.115558	  0.123442	  0.122817	   0.22798	  0.039783	  0.245774	  0.337208	         0	         0	         0
    20		         0	         0	         0	 0.0758883	         0	         0	         0	         0	 0.0537332	         0	         0	         0	         0	         0	    0.1313	 0.0469748	  0.126572	 0.0332603	         0	  0.148322	  0.193239	  0.248801	 0.0996337	         0	         0	         0
    21		         0	         0	         0	         0	         0	 0.0548683	 0.0451182	         0	  0.111686	         0	         0	 0.0342936	 0.0461717	  0.155239	 0.0969795	  0.082837	  0.127151	    0.1134	  0.140135	  0.187596	  0.115069	  0.124987	  0.205453	         0	         0	         0
    22		         0	         0	         0	         0	         0	 0.0643341	         0	  0.195765	 0.0961472	  0.256196	 0.0829577	  0.122205	  0.142617	 0.0541541	  0.143571	  0.234027	  0.132317	  0.352253	 0.0826226	  0.205115	  0.141433	  0.189104	  0.276994	         0	         0	         0
    23		         0	         0	 0.0738072	         0	         0	         0	 0.0906047	   0.16265	         0	  0.168319	  0.165902	         0	 0.0431517	 0.0905505	  0.121113	 0.0478201	  0.115224	   0.20381	  0.134658	  0.216242	  0.145821	    0.1141	   0.18833	         0	         0	         0
    24		         0	         0	         0	         0	         0	         0	         0	         0	         0	         0	 0.0562043	 0.0534091	         0	         0	  0.141892	  0.142867	 0.0389028	  0.132765	  0.110598	   0.30331	 0.0790097	  0.251746	 0.0498831	         0	         0	         0
    25		         0	         0	         0	         0	         0	         0	         0	         0	         0	         0	  0.178379	 0.0484587	         0	  0.173463	 0.0382244	   0.05005	 0.0881187	  0.146917	  0.109375	 0.0856481	  0.141595	  0.170361	  0.178531	         0	         0	         0
    26		         0	         0	         0	         0	         0	         0	         0	         0	 0.0599648	 0.0701974	 0.0530357	 0.0368934	 0.0697791	         0	  0.102355	  0.182749	 0.0928542	 0.0932134	   0.19862	  0.185648	  0.258888	 0.0615134	  0.100713	         0	         0	         0
    27		         0	         0	         0	         0	 0.0792023	         0	 0.0762733	         0	         0	  0.163141	         0	 0.0459592	 0.0973672	 0.0837611	  0.196124	         0	 0.0783058	  0.103231	   0.15065	 0.0788954	 0.0403727	  0.175743	  0.219206	         0	         0	         0
    28		         0	         0	         0	  0.132291	 0.0629277	  0.221496	  0.206931	  0.145054	  0.107528	 0.0567096	  0.154271	  0.189447	  0.157314	 0.0766394	  0.253663	  0.285402	  0.194817	  0.182486	  0.163928	  0.178038	  0.191588	  0.309093	  0.196142	         0	         0	         0
    29		         0	         0	 0.0607721	  0.055781	         0	  0.103948	         0	  0.229469	  0.184777	  0.144793	  0.188139	  0.284697	  0.216467	  0.227652	  0.210343	  0.217738	 0.0997409	  0.321207	  0.188341	  0.354412	  0.269019	  0.210857	  0.231088	         0	         0	         0
    30		         0	         0	         0	         0	         0	         0	         0	         0	         0	         0	         0	 0.0530722	 0.0982389	 0.0458975	 0.0965392	  0.139764	         0	 0.0374794	         0	  0.111783	 0.0648867	  0.160577	  0.117315	         0	         0	         0
    31		         0	 0.0832593	         0	         0	         0	  0.206248	 0.0478749	         0	 0.0589791	         0	 0.0595889	    0.1972	  0.104983	  0.136766	  0.101748	  0.191542	  0.088843	   0.11319	  0.152252	  0.212525	  0.247109	  0.188045	  0.306224	         0	         0	         0
    32		         0	         0	         0	         0	         0	         0	         0	         0	 0.0730705	 0.0397653	 0.0440223	         0	    0.1074	 0.0546506	  0.121109	  0.154378	  0.265423	  0.381578	  0.151123	  0.331061	   0.23465	  0.297566	  0.183576	         0	         0	         0
    33		         0	         0	         0	         0	         0	         0	 0.0649646	         0	         0	  0.113196	         0	  0.041685	 0.0431234	 0.0551407	 0.0789603	 0.0758188	 0.0364297	  0.192753	  0.261078	 0.0778444	  0.103947	  0.236575	  0.168419	         0	         0	         0
    34		         0	         0	         0	 0.0645713	         0	         0	         0	  0.126128	  0.069283	 0.0785094	 0.0935179	 0.0626371	         0	   0.13853	         0	  0.111844	 0.0477783	 0.0740179	  0.171434	         0	 0.0535188	 0.0996296	  0.258209	         0	         0	         0
    35		         0	         0	         0	         0	         0	         0	  0.113303	 0.0558601	  0.109291	 0.0407782	 0.0810868	  0.120945	   0.12946	  0.104449	 0.0844545	  0.143743	  0.310506	  0.185334	         0	  0.342862	  0.225589	  0.198675	  0.145424	         0	         0	         0
    36		         0	         0	         0	         0	         0	         0	         0	         0	         0	  0.131291	         0	         0	   0.13769	         0	         0	 0.0349872	  0.182922	  0.137254	 0.0984295	  0.188106	  0.127274	  0.218714	  0.138044	         0	         0	         0
    37		         0	         0	         0	         0	         0	         0	         0	 0.0483005	         0	 0.0549714	         0	         0	 0.0329807	  0.137588	 0.0584489	 0.0994827	  0.105712	 0.0743574	  0.102696	  0.118339	 0.0825775	         0	  0.291525	         0	         0	         0
    38		         0	         0	         0	         0	         0	         0	         0	         0	 0.0394156	         0	 0.0645514	  0.112123	         0	 0.0341873	 0.0839649	 0.0442261	  0.156324	 0.0797488	 0.0809596	  0.178726	 0.0572878	  0.185699	  0.117485	         0	         0	         0
    39		         0	         0	         0	         0	         0	         0	         0	         0	 0.0677628	 0.0584428	 0.0666327	  0.111187	 0.0411236	  0.119417	 0.0897656	 0.0889122	  0.104409	 0.0874983	  0.228348	  0.132693	  0.245813	  0.196368	  0.229327	         0	         0	         0
    40		         0	         0	         0	         0	         0	         0	 0.0666666	 0.0423813	 0.0657028	 0.0772646	  0.100415	 0.0685305	 0.0718294	 0.0836002	  0.177882	  0.139838	  0.128562	 0.0626563	   0.25188	  0.188651	  0.160575	  0.157791	  0.295787	         0	         0	         0
    41		         0	         0	         0	         0	         0	         0	  0.108224	         0	 0.0494132	         0	  0.104323	         0	         0	  0.152561	  0.117284	 0.0359898	 0.0450534	 0.0792621	  0.137993	  0.111545	   0.25634	  0.184739	  0.135212	         0	         0	         0
    42		         0	         0	         0	         0	         0	         0	         0	         0	 0.0573277	 0.0594832	 0.0831268	 0.0798508	  0.119487	         0	  0.044378	  0.179439	   0.16161	 0.0315416	  0.182873	  0.114346	  0.198194	   0.26935	  0.268317	         0	         0	         0
    43		         0	         0	         0	 0.0960036	 0.0528008	 0.0795329	 0.0950632	         0	 0.0912029	  0.077255	         0	 0.0594826	 0.0334374	 0.0434284	    0.1339	  0.325115	  0.285555	 0.0795675	  0.309969	 0.0544897	  0.245985	  0.201234	  0.436102	         0	         0	         0
    44		         0	         0	         0	         0	 0.0821839	         0	  0.156112	         0	  0.060952	 0.0744956	         0	  0.120571	 0.0572703	         0	  0.054326	         0	  0.118721	  0.198321	 0.0949734	  0.231176	  0.199173	  0.145032	         0	         0	         0	         0
    45		  0.068888	         0	         0	         0	         0	  0.109619	  0.136908	         0	  0.210655	  0.100798	  0.249318	 0.0947097	  0.215186	  0.215835	  0.288075	  0.130941	  0.164824	  0.282515	  0.137165	  0.347064	  0.435454	  0.431132	  0.242615	         0	         0	         0
    46		         0	         0	         0	         0	         0	  0.113136	         0	         0	 0.0535956	         0	         0	         0	 0.0354373	 0.0907925	  0.054073	 0.0527827	 0.0692789	 0.0821596	 0.0872527	  0.205207	   0.19371	  0.348398	 0.0652797	         0	         0	         0
    47		         0	         0	         0	         0	         0	         0	   0.13026	         0	 0.0490801	 0.0420944	         0	   0.04767	 0.0901207	  0.079486	  0.103832	 0.0853526	 0.0879841	  0.170931	 0.0415237	  0.262441	  0.183151	  0.292578	  0.194079	         0	         0	         0
    48		         0	         0	         0	         0	         0	         0	 0.0410581	  0.063379	 0.0549847	         0	  0.175228	 0.0988089	  0.188834	 0.0607252	  0.240018	  0.161958	 0.0303491	  0.130038	  0.068455	  0.191486	 0.0617072	  0.227315	 0.0448009	         0	         0	         0
    49		         0	         0	         0	         0	         0	         0	         0	         0	         0	 0.0561658	 0.0670313	  0.103569	         0	 0.0535069	  0.050711	 0.0305846	  0.136263	  0.114252	 0.0303776	  0.141913	  0.171659	 0.0637275	  0.110096	         0	         0	         0
