1	1	0.816214	0.836777	0.008284	0.244357	0.769837	0.769100	0.866144	0.937437	0.092068	0.644562	0.601067	0.817891
2	1	0.178827	0.587262	0.028091	0.532843	0.629230	0.407477	0.977084	0.329893	0.519408	0.323563	0.727741	0.670991
3	1	0.204161	0.624510	0.381292	0.711625	0.816919	0.784582	0.285057	0.608698	0.350700	0.166694	0.070087	0.286465
4	1	0.927008	0.869391	0.453475	0.369266	0.469053	0.407330	0.647919	0.313415	0.010379	0.367062	0.202398	0.074479
5	1	0.208202	0.497570	0.425497	0.568545	0.644510	0.955230	0.345326	0.212517	0.247366	0.642258	0.021381	0.527118
6	1	0.834055	0.119011	0.110202	0.056779	0.228789	0.592020	0.973327	0.854021	0.005744	0.706536	0.633966	0.576976
7	1	0.278390	0.435392	0.313810	0.332221	0.186363	0.593231	0.226634	0.533249	0.978199	0.612914	0.456206	0.681443
8	1	0.001064	0.004805	0.197887	0.864255	0.784092	0.161162	0.849523	0.260942	0.194381	0.760643	0.469181	0.257706
9	1	0.479132	0.298776	0.136255	0.137162	0.044462	0.465579	0.854631	0.295713	0.283547	0.704870	0.451182	0.850221
10	1	0.889811	0.277305	0.300718	0.109959	0.260915	0.845976	0.124212	0.661736	0.789492	0.489568	0.173210	0.220167
11	1	0.995846	0.723809	0.901933	0.684715	0.974137	0.776291	0.690754	0.306734	0.346391	0.130539	0.229886	0.602938
12	1	0.343509	0.680838	0.749496	0.179536	0.431306	0.848408	0.077045	0.024798	0.192898	0.183731	0.472243	0.967175
13	1	0.900454	0.606011	0.605803	0.575406	0.045632	0.721464	0.613358	0.378343	0.475681	0.615936	0.573680	0.326824
14	1	0.618215	0.880451	0.827465	0.545015	0.264721	0.389772	0.926355	0.659969	0.873582	0.173488	0.261998	0.573006
15	1	0.626315	0.923386	0.003225	0.635816	0.571456	0.386096	0.267975	0.845111	0.045973	0.154034	0.715855	0.458425
16	1	0.874569	0.603547	0.347800	0.249410	0.890582	0.485334	0.292972	0.526624	0.097983	0.315263	0.854338	0.924739
17	1	0.015284	0.922169	0.204264	0.077281	0.437628	0.350015	0.780336	0.123432	0.580595	0.588491	0.896658	0.144348
18	1	0.008769	0.887904	0.888921	0.958466	0.042828	0.291488	0.084396	0.823834	0.667418	0.504625	0.059254	0.947014
19	1	0.888924	0.957122	0.397555	0.021856	0.778914	0.446112	0.984689	0.580568	0.572563	0.694467	0.258520	0.480976
20	1	0.028615	0.528402	0.897933	0.245016	0.024019	0.758630	0.676304	0.474859	0.909287	0.743975	0.205878	0.366237
21	1	0.108900	0.740296	0.511268	0.665601	0.021441	0.487350	0.967590	0.954321	0.124576	0.324418	0.548201	0.928586
22	1	0.574754	0.955353	0.044361	0.006006	0.332480	0.057691	0.231536	0.268304	0.347302	0.380911	0.208013	0.659534
23	1	0.536159	0.438073	0.393454	0.872622	0.987102	0.426418	0.367383	0.421217	0.260938	0.140355	0.200175	0.324585
24	1	0.705652	0.688262	0.008692	0.472288	0.025102	0.148868	0.856433	0.202199	0.092723	0.773791	0.685570	0.378234
25	1	0.309016	0.304069	0.471075	0.916553	0.695178	0.250609	0.737630	0.650874	0.437392	0.786336	0.561788	0.880984
26	1	0.089137	0.468492	0.903629	0.050561	0.632895	0.552560	0.132420	0.079174	0.378749	0.765684	0.802807	0.504664
27	1	0.486332	0.236557	0.130602	0.222082	0.873754	0.628656	0.603077	0.617982	0.728080	0.954612	0.777120	0.584173
28	1	0.224300	0.136417	0.631900	0.175301	0.265965	0.200967	0.925178	0.720249	0.473573	0.148247	0.408006	0.628294
29	1	0.571468	0.503973	0.766602	0.696264	0.719146	0.159702	0.686386	0.617179	0.748739	0.840821	0.775390	0.347552
30	1	0.504025	0.255189	0.264811	0.881963	0.111072	0.301781	0.881378	0.556794	0.325815	0.890820	0.009914	0.447841
31	1	0.553935	0.025748	0.584037	0.087153	0.305448	0.350744	0.330506	0.200455	0.307051	0.182743	0.857761	0.387683
32	1	0.833128	0.104457	0.864739	0.221742	0.253373	0.820806	0.461320	0.587725	0.696875	0.084078	0.821485	0.027967
33	1	0.213129	0.569698	0.999949	0.775991	0.684279	0.618494	0.472557	0.355245	0.027640	0.803298	0.202715	0.366802
34	1	0.101477	0.929655	0.855891	0.654224	0.613042	0.851320	0.931386	0.134268	0.924115	0.261235	0.653580	0.876458
35	1	0.316644	0.073486	0.225373	0.892380	0.156773	0.354651	0.165866	0.316330	0.217368	0.467873	0.911319	0.291769
36	1	0.181691	0.789938	0.905643	0.684785	0.591370	0.136987	0.254157	0.709511	0.926236	0.547819	0.103128	0.233030
37	1	0.721174	0.503057	0.254242	0.480838	0.056202	0.199297	0.504150	0.918349	0.909214	0.392766	0.762867	0.413377
38	1	0.957706	0.430195	0.498965	0.663953	0.367029	0.874697	0.156527	0.684906	0.010679	0.776462	0.567024	0.878621
39	1	0.614586	0.743441	0.381697	0.147507	0.318294	0.657180	0.055608	0.545000	0.267610	0.471140	0.074853	0.061295
40	1	0.565261	0.173653	0.981600	0.103770	0.250548	0.407789	0.141893	0.986140	0.031478	0.504231	0.005724	0.311677
41	1	0.261293	0.699051	0.600422	0.004093	0.374484	0.902704	0.343886	0.718798	0.325497	0.301725	0.924138	0.952085
42	1	0.950638	0.947106	0.479983	0.207223	0.569690	0.297950	0.369396	0.315092	0.004333	0.766703	0.358168	0.180550
43	1	0.344646	0.542647	0.492826	0.740802	0.241763	0.700005	0.464735	0.254794	0.523286	0.168931	0.814971	0.355902
44	1	0.513325	0.292155	0.894595	0.408785	0.631207	0.389572	0.558590	0.977401	0.175839	0.938924	0.122571	0.754260
45	1	0.808141	0.909719	0.034152	0.453663	0.156413	0.261648	0.186570	0.651373	0.658351	0.089554	0.212172	0.188785
46	1	0.101449	0.848932	0.204873	0.558240	0.625876	0.066196	0.610225	0.894719	0.196865	0.864913	0.627059	0.900020
47	1	0.812081	0.056150	0.874541	0.542212	0.570833	0.668344	0.468265	0.425165	0.488574	0.169687	0.153741	0.976104
48	1	0.246148	0.676241	0.741336	0.901476	0.382901	0.565892	0.580681	0.309051	0.699038	0.036632	0.623546	0.082319
49	1	0.265834	0.051450	0.945828	0.545118	0.706103	0.333931	0.199634	0.199947	0.435117	0.559253	0.986224	0.711561
50	1	0.046410	0.719268	0.987661	0.526501	0.655897	0.288976	0.420956	0.878421	0.009150	0.153874	0.669534	0.939110
51	1	0.053474	0.642623	0.724721	0.633445	0.742156	0.909199	0.840819	0.098951	0.218544	0.309749	0.730820	0.226566
52	1	0.419484	0.795233	0.846992	0.650712	0.960164	0.162484	0.505403	0.309367	0.875846	0.740045	0.846239	0.418836
53	1	0.026631	0.098819	0.338606	0.252362	0.880419	0.945150	0.575469	0.879511	0.903719	0.630018	0.783767	0.803730
54	1	0.028784	0.874237	0.789324	0.518782	0.712253	0.292079	0.487716	0.319134	0.254290	0.552987	0.516396	0.083244
55	1	0.367832	0.037279	0.043293	0.457954	0.145768	0.697159	0.506458	0.044723	0.933962	0.340397	0.955791	0.571365
56	1	0.234897	0.412480	0.040966	0.742512	0.117411	0.298584	0.936686	0.938133	0.758962	0.919262	0.553083	0.485290
57	1	0.555143	0.028908	0.550031	0.829784	0.928280	0.238654	0.492276	0.166479	0.296744	0.288427	0.596514	0.378167
58	1	0.382556	0.695388	0.519140	0.530716	0.807040	0.285860	0.420538	0.352346	0.626049	0.881784	0.580504	0.890986
59	1	0.592935	0.748328	0.936473	0.086285	0.426086	0.787192	0.242456	0.283488	0.330993	0.609923	0.727075	0.464110
60	1	0.587907	0.290020	0.069047	0.401964	0.971543	0.270370	0.930332	0.639570	0.491271	0.026308	0.364308	0.712174
61	1	0.384722	0.511896	0.928269	0.988379	0.890432	0.756169	0.482754	0.654575	0.841043	0.491888	0.921085	0.676024
62	1	0.484140	0.626269	0.004944	0.551162	0.546513	0.126847	0.647989	0.155047	0.028160	0.638454	0.814236	0.227426
63	1	0.830569	0.865848	0.302478	0.743535	0.781581	0.677164	0.208051	0.966428	0.238064	0.434792	0.233055	0.116740
64	1	0.689095	0.598388	0.257722	0.870851	0.529263	0.190554	0.456597	0.402081	0.221271	0.319000	0.557317	0.563712
65	1	0.248025	0.041837	0.553029	0.606895	0.045009	0.540477	0.108381	0.914724	0.608060	0.704638	0.323648	0.357269
66	1	0.549715	0.648916	0.548617	0.980854	0.529859	0.590492	0.357229	0.624995	0.706850	0.365839	0.591346	0.946425
67	1	0.959578	0.322240	0.510131	0.887283	0.436866	0.628763	0.770446	0.234182	0.526890	0.177842	0.966127	0.539801
68	1	0.132511	0.951586	0.957446	0.275802	0.996770	0.820046	0.877841	0.523839	0.810591	0.460673	0.511778	0.481443
69	1	0.372031	0.979035	0.972737	0.323223	0.197375	0.818723	0.854026	0.022419	0.692780	0.606940	0.980538	0.847239
70	1	0.334245	0.298321	0.293903	0.907630	0.366485	0.637016	0.294439	0.577755	0.001317	0.266878	0.254764	0.642615
71	1	0.889601	0.398303	0.074383	0.675084	0.651798	0.205193	0.561343	0.036779	0.154040	0.691561	0.207283	0.379933
72	1	0.135608	0.888745	0.408364	0.874381	0.575589	0.278480	0.366333	0.966996	0.870224	0.060287	0.954252	0.150994
73	1	0.570880	0.277546	0.555426	0.103869	0.409376	0.648742	0.675684	0.623847	0.148412	0.393617	0.783464	0.381030
74	1	0.868185	0.361897	0.244050	0.335186	0.646238	0.970376	0.684027	0.056175	0.909864	0.725442	0.540215	0.431340
75	1	0.093833	0.417707	0.990000	0.973052	0.109374	0.812190	0.368554	0.298720	0.938659	0.606946	0.819685	0.254446
76	1	0.753146	0.838443	0.769400	0.534883	0.470676	0.575210	0.389223	0.408267	0.190322	0.690501	0.412640	0.332474
77	1	0.087572	0.286816	0.470038	0.001141	0.543384	0.292106	0.641117	0.069181	0.604783	0.151777	0.101440	0.017553
78	1	0.041238	0.183151	0.697888	0.775491	0.004132	0.365841	0.836417	0.960966	0.863466	0.395277	0.650710	0.385959
79	1	0.264013	0.488071	0.292406	0.513561	0.333225	0.204395	0.742066	0.204200	0.438036	0.051051	0.601559	0.963316
80	1	0.084321	0.720673	0.319017	0.328303	0.783419	0.842592	0.472280	0.915420	0.569325	0.932904	0.364917	0.854977
81	1	0.867872	0.953416	0.586280	0.209964	0.820985	0.448787	0.170367	0.777656	0.741485	0.822527	0.620297	0.771398
82	1	0.209421	0.923775	0.954673	0.732685	0.273427	0.353471	0.923217	0.275115	0.587840	0.751644	0.901135	0.233995
83	1	0.437913	0.929778	0.410597	0.320484	0.113338	0.851400	0.931665	0.078221	0.627237	0.861969	0.637981	0.062165
84	1	0.225395	0.036889	0.769076	0.039324	0.036963	0.677692	0.935114	0.307053	0.673387	0.276593	0.283160	0.535714
85	1	0.734958	0.224395	0.152990	0.621601	0.455324	0.801906	0.567700	0.490916	0.350505	0.781534	0.770655	0.445649
86	1	0.487334	0.205655	0.804468	0.525424	0.435462	0.858849	0.237888	0.122689	0.395748	0.576053	0.040474	0.557259
87	1	0.504381	0.561968	0.496449	0.914286	0.680705	0.237788	0.696002	0.414729	0.819388	0.206314	0.633886	0.875298
88	1	0.904611	0.052108	0.395443	0.647115	0.814481	0.533402	0.103982	0.284498	0.761202	0.659399	0.608189	0.634028
89	1	0.462696	0.451159	0.030623	0.897307	0.345916	0.048847	0.857542	0.568156	0.822866	0.298735	0.552830	0.836261
90	1	0.946924	0.999497	0.432122	0.884784	0.867439	0.697052	0.579877	0.694446	0.304194	0.651686	0.354148	0.596670
91	1	0.124325	0.754083	0.359047	0.529855	0.403009	0.235585	0.508928	0.241376	0.143982	0.029416	0.639376	0.644986
92	1	0.174836	0.017672	0.745261	0.494310	0.784714	0.081037	0.034414	0.799688	0.532262	0.706018	0.206004	0.961169
93	1	0.249505	0.159599	0.025745	0.641775	0.062527	0.447346	0.417829	0.728557	0.999492	0.340528	0.375820	0.699511
94	1	0.348185	0.532029	0.335879	0.668834	0.455873	0.896457	0.333863	0.563647	0.369283	0.086528	0.361970	0.553617
95	1	0.912487	0.011002	0.983941	0.382124	0.231966	0.272073	0.707378	0.792804	0.212932	0.579864	0.350465	0.852484
96	1	0.448907	0.726518	0.099269	0.124511	0.526038	0.299246	0.226605	0.537986	0.384551	0.713629	0.252497	0.970932
97	1	0.204755	0.876993	0.282389	0.444026	0.767273	0.471410	0.722119	0.355655	0.484027	0.010833	0.327041	0.193490
98	1	0.931724	0.669763	0.424444	0.131665	0.861576	0.288852	0.007174	0.864256	0.549086	0.422739	0.848785	0.939432
99	1	0.479431	0.084833	0.059064	0.089509	0.727920	0.124926	0.562047	0.949823	0.687466	0.390622	0.427078	0.580442
100	1	0.625165	0.502645	0.867094	0.940352	0.273130	0.256321	0.388651	0.281268	0.344319	0.401249	0.068664	0.691396





