CumGrade African
1.000000	1.000000	1.000000	1.000000	1.000000	1.000000	1.000000	1.000000	1.000000	1.000000	1.000000	1.000000	1.000000
1.000000	1.000000	1.000000	1.000000	1.000000	1.000000	1.000000	1.000000	1.000000	1.000000	1.000000	1.000000	1.000000
1.000000	1.000000	1.000000	1.000000	1.000000	1.000000	1.000000	1.000000	1.000000	1.000000	1.000000	1.000000	1.000000
1.000000	1.000000	1.000000	1.000000	1.000000	1.000000	1.000000	1.000000	1.000000	1.000000	1.000000	1.000000	1.000000
1.000000	1.000000	1.000000	1.000000	1.000000	1.000000	1.000000	1.000000	1.000000	1.000000	1.000000	1.000000	1.000000
0.920000	1.000000	1.000000	1.000000	1.000000	1.000000	1.000000	1.000000	1.000000	1.000000	1.000000	1.000000	1.000000
0.674675	1.000000	1.000000	1.000000	1.000000	1.000000	1.000000	1.000000	1.000000	1.000000	1.000000	1.000000	1.000000
0.423423	0.827901	0.989990	0.989990	1.000000	1.000000	1.000000	1.000000	1.000000	1.000000	1.000000	1.000000	1.000000
0.273273	0.404814	0.799148	0.949950	0.992993	1.000000	1.000000	1.000000	1.000000	1.000000	1.000000	1.000000	1.000000
0.177177	0.225242	0.404605	0.839840	0.962963	0.993994	1.000000	1.000000	1.000000	1.000000	1.000000	1.000000	1.000000
0.136136	0.166484	0.280226	0.655656	0.869870	0.966967	0.993994	1.000000	1.000000	1.000000	1.000000	1.000000	1.000000
0.098098	0.126304	0.205612	0.487487	0.725726	0.896897	0.973974	0.995996	1.000000	1.000000	1.000000	1.000000	1.000000
0.093093	0.113968	0.177469	0.364364	0.576577	0.775776	0.912913	0.977978	0.994995	1.000000	1.000000	1.000000	1.000000
0.076076	0.097304	0.137980	0.258258	0.429429	0.628629	0.805806	0.926927	0.979980	0.996997	1.000000	1.000000	1.000000
0.078156	0.093461	0.123267	0.195391	0.316633	0.479960	0.660321	0.824649	0.931864	0.984970	0.997996	1.000000	1.000000
0.082082	0.097676	0.120451	0.171171	0.262262	0.386386	0.540541	0.711712	0.851852	0.953954	0.991992	0.998999	1.000000
0.093186	0.105120	0.123370	0.163327	0.233467	0.327655	0.450902	0.604208	0.748497	0.890782	0.972946	0.995992	1.000000
0.089178	0.097859	0.114016	0.149299	0.209419	0.287575	0.387776	0.521042	0.654309	0.810621	0.934870	0.985972	1.000000
0.120240	0.130243	0.146934	0.183367	0.244489	0.316633	0.403808	0.519038	0.623246	0.762525	0.896794	0.968938	1.000000
0.113226	0.123755	0.139651	0.174349	0.235471	0.305611	0.390782	0.505010	0.597194	0.723447	0.858717	0.944890	1.000000
0.154309	0.165631	0.182852	0.220441	0.286573	0.358717	0.442886	0.552104	0.633267	0.736473	0.851703	0.929860	1.000000
0.134269	0.145591	0.162812	0.200401	0.264529	0.337675	0.425852	0.542084	0.624248	0.726453	0.840681	0.914830	1.000000
0.151303	0.163101	0.181117	0.220441	0.292585	0.368737	0.458918	0.577154	0.656313	0.751503	0.856713	0.916834	0.998998
0.153307	0.165582	0.184392	0.225451	0.298597	0.377756	0.467936	0.587174	0.669339	0.760521	0.864729	0.918838	0.998998
0.165331	0.179084	0.198689	0.241483	0.315631	0.392786	0.485972	0.602204	0.687375	0.774549	0.876754	0.923848	0.998998
0.193387	0.205454	0.225589	0.269539	0.345691	0.423848	0.514028	0.632265	0.723447	0.804609	0.896794	0.934870	0.998998
0.182365	0.194749	0.215414	0.260521	0.336673	0.415832	0.509018	0.625251	0.731463	0.811623	0.905812	0.940882	0.998998
0.172345	0.184570	0.204971	0.249499	0.325651	0.404810	0.500000	0.620240	0.738477	0.819639	0.912826	0.944890	0.997996
0.213641	0.226356	0.247572	0.293882	0.373119	0.451354	0.543631	0.654965	0.776329	0.847543	0.929789	0.955868	0.998997
0.196393	0.209253	0.230714	0.277555	0.355711	0.435872	0.531062	0.644289	0.779559	0.850701	0.931864	0.957916	0.997996
0.288867	0.302376	0.324918	0.374122	0.453360	0.528586	0.613842	0.711133	0.832497	0.885657	0.949850	0.967904	0.997994
0.209629	0.222294	0.245102	0.294885	0.378134	0.462387	0.561685	0.672016	0.817452	0.879639	0.948847	0.967904	0.997994
0.231463	0.244115	0.266900	0.316633	0.402806	0.485972	0.583166	0.691383	0.835671	0.891784	0.955912	0.971944	0.997996
0.225451	0.239423	0.262738	0.313627	0.400802	0.485972	0.583166	0.692385	0.837675	0.892786	0.957916	0.973948	0.997996
0.250752	0.262047	0.285916	0.338014	0.424273	0.506520	0.603811	0.706118	0.847543	0.899699	0.960883	0.975928	0.997994
0.301906	0.314571	0.337379	0.387161	0.469408	0.547643	0.634905	0.734203	0.865597	0.910732	0.964895	0.978937	0.998997
0.274549	0.289206	0.311990	0.361723	0.445892	0.526052	0.619238	0.719439	0.860721	0.908818	0.965932	0.978958	0.997996
0.251755	0.265424	0.288231	0.338014	0.423270	0.506520	0.604814	0.710130	0.857573	0.907723	0.965898	0.978937	0.997994
0.312939	0.325286	0.347563	0.396189	0.477432	0.553661	0.642929	0.738215	0.870612	0.915747	0.968907	0.980943	0.998997
0.278837	0.292505	0.315312	0.365095	0.447342	0.526580	0.619860	0.721163	0.862588	0.909729	0.965898	0.979940	0.998997
0.418255	0.432926	0.455734	0.505517	0.580742	0.644935	0.719157	0.795386	0.901705	0.934804	0.974925	0.984955	0.998997
0.308927	0.322019	0.347214	0.402207	0.487462	0.567703	0.660983	0.753260	0.882648	0.923771	0.971916	0.983952	0.998997
0.323972	0.339646	0.362454	0.412237	0.496489	0.571715	0.661986	0.753260	0.881645	0.922768	0.972919	0.983952	0.998997
0.312939	0.328246	0.352114	0.404213	0.491474	0.572718	0.667001	0.760281	0.887663	0.927783	0.974925	0.984955	0.998997
0.329990	0.345248	0.370707	0.426279	0.512538	0.589769	0.681043	0.768305	0.888666	0.927783	0.973922	0.984955	0.998997
0.426279	0.439421	0.463024	0.514544	0.591775	0.658977	0.735206	0.810431	0.910732	0.941825	0.978937	0.987964	0.998997
0.360080	0.375387	0.399256	0.451354	0.529589	0.602808	0.690070	0.774323	0.893681	0.930792	0.975928	0.985958	0.998997
0.341023	0.356807	0.381471	0.435306	0.517553	0.591775	0.681043	0.770311	0.889669	0.928786	0.975928	0.985958	0.998997
0.414243	0.427385	0.450988	0.502508	0.579739	0.646941	0.726179	0.803410	0.906720	0.938816	0.978937	0.987964	0.998997
0.378134	0.393918	0.418582	0.472417	0.551655	0.621866	0.707121	0.789368	0.900702	0.935807	0.976931	0.986961	0.998997
0.536145	0.549986	0.573082	0.623494	0.689759	0.741968	0.803213	0.859438	0.935743	0.958835	0.984940	0.990964	0.998996
0.403614	0.419206	0.445222	0.502008	0.583333	0.652610	0.733936	0.810241	0.910643	0.943775	0.979920	0.987952	0.998996
0.422267	0.440007	0.466263	0.523571	0.604814	0.670010	0.748245	0.821464	0.918756	0.948847	0.981946	0.988967	0.998997
0.398594	0.415667	0.442479	0.501004	0.583333	0.653614	0.734940	0.811245	0.915663	0.946787	0.981928	0.988956	0.998996
0.422267	0.435677	0.461402	0.517553	0.597793	0.664995	0.743230	0.817452	0.916750	0.947844	0.980943	0.988967	0.998997
0.529116	0.544916	0.569605	0.623494	0.693775	0.748996	0.811245	0.868474	0.941767	0.963855	0.986948	0.991968	0.998996
0.483450	0.498549	0.523744	0.578736	0.653962	0.713139	0.782347	0.846540	0.934804	0.958877	0.984955	0.990973	0.998997
0.445783	0.461851	0.488664	0.547189	0.626506	0.690763	0.765060	0.834337	0.929719	0.956827	0.984940	0.990964	0.998996
0.532129	0.547083	0.572038	0.626506	0.696787	0.750000	0.812249	0.868474	0.943775	0.964859	0.986948	0.991968	0.998996
0.501004	0.516754	0.543036	0.600402	0.674699	0.731928	0.798193	0.858434	0.940763	0.962851	0.985944	0.991968	0.998996
0.644578	0.658578	0.681940	0.732932	0.793173	0.835341	0.881526	0.919679	0.968876	0.980924	0.992972	0.995984	1.000000
0.513052	0.529280	0.556358	0.615462	0.690763	0.746988	0.817269	0.877510	0.949799	0.970884	0.988956	0.992972	0.998996
0.548646	0.564539	0.591060	0.648947	0.723170	0.777332	0.837513	0.887663	0.955868	0.973922	0.990973	0.994985	1.000000
0.543173	0.557710	0.585319	0.645582	0.720884	0.777108	0.840361	0.890562	0.959839	0.975904	0.990964	0.993976	0.998996
0.547643	0.563487	0.591599	0.652959	0.730191	0.782347	0.844534	0.892678	0.959880	0.976931	0.991976	0.994985	0.998997
0.658635	0.672794	0.696421	0.747992	0.807229	0.847390	0.890562	0.926707	0.975904	0.985944	0.994980	0.996988	1.000000
0.609829	0.628047	0.655098	0.714142	0.779338	0.826479	0.878636	0.916750	0.971916	0.983952	0.994985	0.996991	1.000000
0.634905	0.651275	0.678591	0.738215	0.803410	0.846540	0.893681	0.930792	0.977934	0.986961	0.994985	0.996991	1.000000
0.692771	0.706980	0.729014	0.777108	0.832329	0.866466	0.906627	0.935743	0.977912	0.987952	0.994980	0.996988	1.000000
0.673019	0.688485	0.712619	0.765296	0.821464	0.856570	0.898696	0.931795	0.976931	0.986961	0.994985	0.996991	1.000000
0.763052	0.773980	0.793891	0.837349	0.882530	0.909639	0.937751	0.957831	0.984940	0.990964	0.996988	0.997992	1.000000
0.636546	0.654096	0.681705	0.741968	0.804217	0.848394	0.893574	0.928715	0.977912	0.986948	0.995984	0.996988	1.000000
0.672691	0.688540	0.711636	0.762048	0.822289	0.857430	0.897590	0.932731	0.978916	0.986948	0.994980	0.996988	1.000000
0.626506	0.643310	0.667999	0.721888	0.786145	0.830321	0.882530	0.921687	0.976908	0.985944	0.994980	0.996988	1.000000
0.618474	0.638350	0.666490	0.727912	0.793173	0.836345	0.886546	0.924699	0.976908	0.986948	0.994980	0.996988	1.000000
0.730924	0.743969	0.765738	0.813253	0.864458	0.894578	0.926707	0.951807	0.984940	0.991968	0.996988	0.997992	1.000000
0.696088	0.710233	0.733837	0.785356	0.841525	0.874624	0.911735	0.941825	0.982949	0.989970	0.994985	0.996991	1.000000
0.649598	0.665826	0.692904	0.752008	0.808233	0.847390	0.890562	0.927711	0.972892	0.983936	0.993976	0.996988	1.000000
0.732197	0.744703	0.767245	0.816449	0.862588	0.892678	0.926780	0.949850	0.980943	0.987964	0.994985	0.996991	1.000000
0.733936	0.749467	0.772032	0.821285	0.871486	0.899598	0.931727	0.953815	0.984940	0.991968	0.996988	0.997992	0.998996
0.812249	0.824071	0.842123	0.881526	0.917671	0.936747	0.957831	0.971888	0.989960	0.993976	0.997992	0.998996	1.000000
0.712851	0.727965	0.753185	0.808233	0.856426	0.889558	0.926707	0.950803	0.981928	0.989960	0.994980	0.996988	1.000000
0.735206	0.747920	0.769137	0.815446	0.864594	0.893681	0.926780	0.948847	0.983952	0.991976	0.996991	0.997994	1.000000
0.710130	0.725278	0.748882	0.800401	0.855567	0.884654	0.920762	0.946841	0.977934	0.987964	0.994985	0.996991	1.000000
0.712136	0.726073	0.751002	0.805416	0.859579	0.891675	0.925777	0.953862	0.982949	0.990973	0.997994	0.998997	1.000000
0.761284	0.778597	0.802465	0.854564	0.896690	0.920762	0.945838	0.964895	0.988967	0.991976	0.996991	0.997994	1.000000
0.785141	0.797281	0.815864	0.856426	0.895582	0.921687	0.945783	0.961847	0.986948	0.992972	0.996988	0.997992	1.000000
0.742972	0.760423	0.791217	0.858434	0.897590	0.920683	0.944779	0.963855	0.985944	0.991968	0.996988	0.997992	1.000000
0.773320	0.787514	0.809526	0.857573	0.895687	0.917753	0.945838	0.962889	0.986961	0.990973	0.995988	0.996991	1.000000
0.778112	0.795075	0.820030	0.874498	0.917671	0.935743	0.958835	0.971888	0.990964	0.993976	0.996988	0.997992	1.000000
0.844534	0.855549	0.872257	0.908726	0.939819	0.955868	0.972919	0.980943	0.992979	0.994985	0.997994	0.998997	1.000000
CumGrade coloured
1.000000	1.000000	1.000000	1.000000	1.000000	1.000000	1.000000	1.000000	1.000000	1.000000	1.000000	1.000000	1.000000
1.000000	1.000000	1.000000	1.000000	1.000000	1.000000	1.000000	1.000000	1.000000	1.000000	1.000000	1.000000	1.000000
1.000000	1.000000	1.000000	1.000000	1.000000	1.000000	1.000000	1.000000	1.000000	1.000000	1.000000	1.000000	1.000000
1.000000	1.000000	1.000000	1.000000	1.000000	1.000000	1.000000	1.000000	1.000000	1.000000	1.000000	1.000000	1.000000
1.000000	1.000000	1.000000	1.000000	1.000000	1.000000	1.000000	1.000000	1.000000	1.000000	1.000000	1.000000	1.000000
0.950000	1.000000	1.000000	1.000000	1.000000	1.000000	1.000000	1.000000	1.000000	1.000000	1.000000	1.000000	1.000000
0.593594	1.000000	1.000000	1.000000	1.000000	1.000000	1.000000	1.000000	1.000000	1.000000	1.000000	1.000000	1.000000
0.274549	0.774394	0.992986	0.992986	1.000000	1.000000	1.000000	1.000000	1.000000	1.000000	1.000000	1.000000	1.000000
0.141283	0.248806	0.745136	0.956914	0.996994	1.000000	1.000000	1.000000	1.000000	1.000000	1.000000	1.000000	1.000000
0.079158	0.110578	0.245371	0.773547	0.966934	0.996994	1.000000	1.000000	1.000000	1.000000	1.000000	1.000000	1.000000
0.057172	0.080289	0.161060	0.482447	0.807422	0.972919	0.997994	1.000000	1.000000	1.000000	1.000000	1.000000	1.000000
0.038114	0.051481	0.104106	0.289870	0.533601	0.830491	0.976931	0.997994	1.000000	1.000000	1.000000	1.000000	1.000000
0.038114	0.054431	0.086695	0.201605	0.371113	0.595787	0.856570	0.981946	0.998997	1.000000	1.000000	1.000000	1.000000
0.031093	0.045770	0.070485	0.130391	0.251755	0.426279	0.639920	0.880642	0.985958	0.998997	1.000000	1.000000	1.000000
0.033099	0.042381	0.059458	0.097292	0.173521	0.299900	0.477432	0.682046	0.902708	0.989970	0.998997	1.000000	1.000000
0.036108	0.043749	0.056425	0.084253	0.137412	0.226680	0.365095	0.537613	0.732197	0.922768	0.992979	1.000000	1.000000
0.041123	0.050137	0.061761	0.087262	0.131394	0.199599	0.307924	0.449348	0.619860	0.790371	0.946841	0.996991	1.000000
0.041123	0.049341	0.059644	0.082247	0.122367	0.184554	0.277834	0.402207	0.551655	0.700100	0.844534	0.968907	1.000000
0.051153	0.057158	0.068782	0.094283	0.137412	0.200602	0.292879	0.413240	0.548646	0.671013	0.797392	0.899699	1.000000
0.049098	0.055256	0.067133	0.093186	0.138277	0.202405	0.297595	0.420842	0.562124	0.678357	0.790581	0.871743	1.000000
0.067134	0.074247	0.087707	0.117234	0.160321	0.221443	0.311623	0.439880	0.584168	0.703407	0.812625	0.871743	0.998998
0.061122	0.072036	0.086816	0.119238	0.165331	0.229459	0.319639	0.446894	0.592184	0.717435	0.829659	0.882766	0.997996
0.071142	0.080164	0.096791	0.133267	0.180361	0.244489	0.336673	0.461924	0.609218	0.731463	0.845691	0.897796	0.994990
0.076152	0.087767	0.107033	0.149299	0.196393	0.261523	0.353707	0.482966	0.628257	0.747495	0.860721	0.904810	0.993988
0.080160	0.091091	0.110886	0.154309	0.200401	0.263527	0.356713	0.489980	0.640281	0.760521	0.877756	0.915832	0.993988
0.091182	0.103115	0.122910	0.166333	0.213427	0.280561	0.371743	0.510020	0.660321	0.783567	0.896794	0.931864	0.994990
0.084168	0.095099	0.114894	0.158317	0.204409	0.267535	0.359719	0.502004	0.661323	0.789579	0.907816	0.938878	0.994990
0.080160	0.093255	0.113313	0.157315	0.204409	0.265531	0.357715	0.503006	0.665331	0.796593	0.917836	0.946894	0.993988
0.097194	0.108285	0.128343	0.172345	0.219439	0.284569	0.376754	0.524048	0.686373	0.811623	0.927856	0.954910	0.994990
0.089178	0.102066	0.123444	0.170341	0.217435	0.283567	0.376754	0.526052	0.692385	0.818637	0.930862	0.955912	0.993988
0.132265	0.146679	0.167265	0.212425	0.263527	0.330661	0.419840	0.560120	0.721443	0.832665	0.938878	0.961924	0.995992
0.095190	0.109239	0.130881	0.178357	0.228457	0.297595	0.386774	0.535070	0.705411	0.822645	0.936874	0.959920	0.993988
0.116232	0.129120	0.150498	0.197395	0.252505	0.323647	0.417836	0.564128	0.734469	0.841683	0.944890	0.965932	0.995992
0.112224	0.125590	0.147759	0.196393	0.248497	0.322645	0.416834	0.567134	0.739479	0.846693	0.945892	0.965932	0.994990
0.118236	0.130647	0.151233	0.196393	0.248497	0.317635	0.415832	0.566132	0.743487	0.852705	0.948898	0.968938	0.995992
0.142285	0.152373	0.172431	0.216433	0.267535	0.333667	0.426854	0.576152	0.753507	0.856713	0.949900	0.969940	0.994990
0.128257	0.140714	0.159717	0.201403	0.250501	0.320641	0.415832	0.565130	0.752505	0.859719	0.951904	0.970942	0.995992
0.121242	0.133016	0.152547	0.195391	0.243487	0.309619	0.402806	0.556112	0.744489	0.852705	0.949900	0.970942	0.995992
0.147295	0.161232	0.181026	0.224449	0.272545	0.338677	0.430862	0.581162	0.759519	0.859719	0.952906	0.972946	0.996994
0.136273	0.148365	0.168423	0.212425	0.261523	0.330661	0.429860	0.579158	0.765531	0.861723	0.952906	0.972946	0.996994
0.216650	0.230235	0.251106	0.296891	0.348044	0.408225	0.493480	0.623872	0.796389	0.876630	0.956871	0.974925	0.995988
0.149299	0.160182	0.181560	0.228457	0.277555	0.340681	0.436874	0.576152	0.765531	0.862725	0.950902	0.970942	0.994990
0.174349	0.185598	0.205920	0.250501	0.302605	0.371743	0.466934	0.608216	0.790581	0.874749	0.956914	0.973948	0.995992
0.162325	0.176898	0.197748	0.243487	0.298597	0.367735	0.464930	0.608216	0.798597	0.882766	0.960922	0.976954	0.995992
0.167335	0.180700	0.202869	0.251503	0.302605	0.368737	0.465932	0.598196	0.789579	0.872745	0.956914	0.973948	0.995992
0.220441	0.234012	0.254862	0.300601	0.352705	0.416834	0.506012	0.635271	0.818637	0.893788	0.964930	0.978958	0.995992
0.171515	0.184303	0.203853	0.246740	0.295888	0.358074	0.454363	0.590772	0.797392	0.882648	0.963892	0.978937	0.995988
0.161323	0.174417	0.194475	0.238477	0.286573	0.355711	0.448898	0.583166	0.794589	0.882766	0.964930	0.978958	0.996994
0.206620	0.220364	0.241499	0.287864	0.342026	0.406219	0.499498	0.624875	0.823470	0.901705	0.969910	0.982949	0.996991
0.184554	0.196770	0.218697	0.266800	0.322969	0.389168	0.488465	0.619860	0.825476	0.902708	0.969910	0.982949	0.996991
0.269076	0.280874	0.300443	0.343373	0.394578	0.457831	0.546185	0.662651	0.846386	0.912651	0.973896	0.984940	0.996988
0.212638	0.225857	0.247785	0.295888	0.346038	0.411234	0.507523	0.635908	0.835507	0.910732	0.973922	0.984955	0.995988
0.233701	0.248289	0.269160	0.314945	0.372116	0.440321	0.535607	0.658977	0.853561	0.917753	0.978937	0.986961	0.997994
0.207035	0.221765	0.244530	0.294472	0.350754	0.426131	0.526633	0.658291	0.856281	0.921608	0.979899	0.987940	0.997990
0.216867	0.229941	0.251626	0.299197	0.358434	0.426707	0.529116	0.656627	0.854418	0.920683	0.978916	0.986948	0.996988
0.268806	0.281341	0.303797	0.353059	0.408225	0.474423	0.565697	0.685055	0.868606	0.927783	0.980943	0.987964	0.997994
0.230924	0.243997	0.265682	0.313253	0.368474	0.438755	0.538153	0.657631	0.857430	0.920683	0.977912	0.985944	0.996988
0.219659	0.233563	0.254962	0.301906	0.359077	0.431294	0.536610	0.665998	0.864594	0.926780	0.978937	0.985958	0.996991
0.255767	0.269352	0.290223	0.336008	0.395186	0.464393	0.563691	0.686058	0.872618	0.930792	0.981946	0.988967	0.996991
0.248746	0.261328	0.282199	0.327984	0.390171	0.468405	0.572718	0.694082	0.875627	0.932798	0.981946	0.988967	0.997994
0.372490	0.384766	0.405129	0.449799	0.502008	0.562249	0.642570	0.741968	0.897590	0.945783	0.983936	0.989960	0.997992
0.264794	0.277695	0.299094	0.346038	0.402207	0.479438	0.577733	0.694082	0.876630	0.932798	0.982949	0.987964	0.997994
0.309237	0.322836	0.343727	0.389558	0.449799	0.520080	0.612450	0.718876	0.892570	0.944779	0.984940	0.989960	0.997992
0.311558	0.327452	0.350482	0.401005	0.463317	0.538693	0.637186	0.743719	0.901508	0.946734	0.984925	0.989950	0.998995
0.323293	0.334836	0.357315	0.406627	0.471888	0.548193	0.641566	0.747992	0.905622	0.946787	0.982932	0.987952	0.996988
0.425126	0.441227	0.462934	0.510553	0.570854	0.635176	0.715578	0.803015	0.928643	0.962814	0.989950	0.992965	0.998995
0.390562	0.404958	0.427172	0.475904	0.535141	0.607430	0.695783	0.784137	0.917671	0.950803	0.984940	0.989960	0.997992
0.383149	0.396846	0.419566	0.469408	0.531595	0.596790	0.688064	0.778335	0.918756	0.953862	0.983952	0.989970	0.997994
0.401005	0.416947	0.438389	0.485427	0.543719	0.603015	0.683417	0.774874	0.919598	0.957789	0.987940	0.990955	0.998995
0.373239	0.386818	0.409342	0.458753	0.520121	0.593561	0.680080	0.777666	0.917505	0.957746	0.987928	0.990946	0.998994
0.507538	0.519459	0.540901	0.587940	0.639196	0.697487	0.765829	0.834171	0.942714	0.969849	0.988945	0.992965	0.998995
0.399598	0.414313	0.437056	0.486948	0.550201	0.618474	0.709839	0.796185	0.933735	0.962851	0.987952	0.993976	0.998996
0.436181	0.448741	0.471242	0.520603	0.588945	0.657286	0.744724	0.823116	0.938693	0.965829	0.988945	0.991960	0.998995
0.424121	0.438164	0.461459	0.512563	0.582915	0.655276	0.744724	0.827136	0.944724	0.970854	0.990955	0.992965	0.998995
0.449144	0.466142	0.492667	0.550856	0.621349	0.688822	0.764350	0.840886	0.947633	0.969789	0.990937	0.993958	0.998993
0.506533	0.520991	0.541639	0.586935	0.646231	0.709548	0.786935	0.858291	0.957789	0.976884	0.991960	0.994975	0.998995
0.444668	0.457081	0.479339	0.528169	0.586519	0.652918	0.748491	0.835010	0.940644	0.966801	0.991952	0.994970	0.998994
0.443216	0.455409	0.478969	0.530653	0.602010	0.673367	0.759799	0.847236	0.956784	0.973869	0.991960	0.994975	1.000000
0.495968	0.510326	0.535816	0.591734	0.658266	0.719758	0.798387	0.869960	0.950605	0.976815	0.991935	0.994960	0.998992
0.465257	0.481663	0.505535	0.557905	0.626385	0.693857	0.773414	0.841893	0.945619	0.972810	0.992951	0.994965	1.000000
0.587462	0.598814	0.619321	0.664307	0.719919	0.775531	0.846309	0.902932	0.970677	0.985844	0.993933	0.996967	1.000000
0.496982	0.508868	0.531921	0.582495	0.648893	0.713280	0.799799	0.872233	0.956740	0.977867	0.991952	0.992958	0.998994
0.534884	0.546348	0.568719	0.617796	0.683519	0.753286	0.824065	0.889788	0.963600	0.978766	0.994944	0.995956	0.998989
0.536831	0.549442	0.572034	0.621594	0.693239	0.755802	0.827447	0.896065	0.973764	0.986882	0.994955	0.996973	1.000000
0.567104	0.585033	0.609751	0.663976	0.731584	0.780020	0.840565	0.896065	0.965691	0.979818	0.994955	0.996973	1.000000
0.593152	0.608184	0.633117	0.687815	0.742195	0.794562	0.863041	0.917422	0.974824	0.986908	0.991944	0.992951	0.998993
0.514691	0.526179	0.548595	0.597771	0.655522	0.718338	0.793313	0.881459	0.963526	0.976697	0.989868	0.991895	1.000000
0.507538	0.529561	0.566092	0.646231	0.708543	0.758794	0.835176	0.897487	0.956784	0.970854	0.986935	0.993970	0.996985
0.643074	0.657619	0.678393	0.723964	0.764408	0.815976	0.873610	0.920121	0.977755	0.985844	0.993933	0.993933	1.000000
0.566667	0.586170	0.615170	0.678788	0.734343	0.773737	0.858586	0.916162	0.973737	0.979798	0.995960	1.000000	1.000000
0.688442	0.695848	0.711466	0.745729	0.811055	0.861307	0.904523	0.935678	0.971859	0.978894	0.992965	0.992965	1.000000
CumGrade white
1.000000	1.000000	1.000000	1.000000	1.000000	1.000000	1.000000	1.000000	1.000000	1.000000	1.000000	1.000000	1.000000
1.000000	1.000000	1.000000	1.000000	1.000000	1.000000	1.000000	1.000000	1.000000	1.000000	1.000000	1.000000	1.000000
1.000000	1.000000	1.000000	1.000000	1.000000	1.000000	1.000000	1.000000	1.000000	1.000000	1.000000	1.000000	1.000000
1.000000	1.000000	1.000000	1.000000	1.000000	1.000000	1.000000	1.000000	1.000000	1.000000	1.000000	1.000000	1.000000
1.000000	1.000000	1.000000	1.000000	1.000000	1.000000	1.000000	1.000000	1.000000	1.000000	1.000000	1.000000	1.000000
0.968969	1.000000	1.000000	1.000000	1.000000	1.000000	1.000000	1.000000	1.000000	1.000000	1.000000	1.000000	1.000000
0.711133	1.000000	1.000000	1.000000	1.000000	1.000000	1.000000	1.000000	1.000000	1.000000	1.000000	1.000000	1.000000
0.180542	0.724416	0.977934	0.977934	1.000000	1.000000	1.000000	1.000000	1.000000	1.000000	1.000000	1.000000	1.000000
0.048241	0.124860	0.673025	0.926633	0.997990	1.000000	1.000000	1.000000	1.000000	1.000000	1.000000	1.000000	1.000000
0.020121	0.052330	0.141619	0.732394	0.971831	0.997988	1.000000	1.000000	1.000000	1.000000	1.000000	1.000000	1.000000
0.011089	0.022163	0.060054	0.168347	0.743952	0.970766	0.996976	1.000000	1.000000	1.000000	1.000000	1.000000	1.000000
0.009073	0.010660	0.016077	0.034274	0.174395	0.740927	0.971774	0.996976	1.000000	1.000000	1.000000	1.000000	1.000000
0.008081	0.008512	0.009357	0.015152	0.037374	0.169697	0.735354	0.970707	0.997980	1.000000	1.000000	1.000000	1.000000
0.007078	0.008841	0.010093	0.013145	0.018200	0.040445	0.170880	0.750253	0.973711	0.997978	1.000000	1.000000	1.000000
0.007092	0.008746	0.009808	0.012158	0.014184	0.019250	0.041540	0.187437	0.755826	0.976697	0.998987	1.000000	1.000000
0.006085	0.007742	0.008806	0.011156	0.012170	0.014199	0.019270	0.051724	0.211968	0.770791	0.979716	0.997972	1.000000
0.006073	0.006554	0.007351	0.009109	0.010121	0.011134	0.014170	0.022267	0.068826	0.240891	0.797571	0.987854	1.000000
0.006073	0.005171	0.007030	0.011134	0.012146	0.013158	0.015182	0.020243	0.040486	0.106275	0.330972	0.840081	1.000000
0.005045	0.007714	0.013803	0.027245	0.028254	0.029263	0.030272	0.034309	0.049445	0.089808	0.253280	0.407669	1.000000
0.005040	0.013665	0.027947	0.059476	0.060484	0.061492	0.062500	0.066532	0.081653	0.120968	0.283266	0.351815	0.997984
0.006042	0.018119	0.039785	0.087613	0.088620	0.089627	0.090634	0.094663	0.110775	0.154079	0.326284	0.381672	0.989930
0.006042	0.025399	0.055784	0.122860	0.123867	0.124874	0.125881	0.129909	0.145015	0.191339	0.361531	0.415911	0.957704
0.006036	0.032547	0.074779	0.168008	0.169014	0.170020	0.171026	0.174044	0.189135	0.236419	0.396378	0.451710	0.921529
0.006042	0.036249	0.084601	0.191339	0.192346	0.193353	0.194361	0.197382	0.214502	0.265861	0.426989	0.480363	0.903323
0.006042	0.037636	0.089950	0.205438	0.206445	0.207452	0.208459	0.212487	0.231621	0.287009	0.447130	0.501511	0.886203
0.006042	0.036898	0.091327	0.211480	0.212487	0.213494	0.214502	0.219537	0.242699	0.302115	0.470292	0.522659	0.876133
0.006048	0.038902	0.094972	0.218750	0.219758	0.220766	0.221774	0.227823	0.253024	0.319556	0.502016	0.557460	0.873992
0.007056	0.037943	0.092427	0.212702	0.213710	0.214718	0.215726	0.221774	0.248992	0.322581	0.516129	0.575605	0.875000
0.007056	0.040009	0.092906	0.209677	0.210685	0.211694	0.212702	0.217742	0.247984	0.323589	0.523185	0.584677	0.876008
0.007064	0.037342	0.090821	0.208880	0.209889	0.210898	0.212916	0.218971	0.250252	0.327952	0.526741	0.590313	0.876892
0.008073	0.038401	0.090292	0.204844	0.205853	0.206862	0.208880	0.215943	0.250252	0.327952	0.534813	0.597376	0.880928
0.007064	0.038031	0.090981	0.207871	0.208880	0.209889	0.211907	0.218971	0.253280	0.334006	0.535822	0.598385	0.878910
0.007064	0.037022	0.089972	0.206862	0.207871	0.208880	0.210898	0.217962	0.254289	0.336024	0.540868	0.607467	0.889001
0.007071	0.038600	0.090808	0.206061	0.207071	0.208081	0.210101	0.217172	0.253535	0.337374	0.541414	0.606061	0.890909
0.008081	0.040140	0.091553	0.205051	0.206061	0.207071	0.209091	0.216162	0.253535	0.335354	0.541414	0.608081	0.892929
0.007078	0.039169	0.090635	0.204247	0.205258	0.206269	0.209302	0.217391	0.256825	0.341759	0.549039	0.615774	0.894843
0.007078	0.038368	0.088507	0.199191	0.200202	0.201213	0.203236	0.211325	0.252781	0.339737	0.552073	0.621840	0.899899
0.007085	0.038247	0.088171	0.198381	0.199393	0.200405	0.202429	0.209514	0.248988	0.340081	0.548583	0.620445	0.896761
0.007078	0.035545	0.084357	0.192113	0.193124	0.194135	0.197169	0.205258	0.245703	0.335693	0.554095	0.624874	0.899899
0.008097	0.036112	0.084177	0.190283	0.191296	0.192308	0.195344	0.203441	0.247976	0.337045	0.560729	0.629555	0.903846
0.009128	0.039549	0.088244	0.195740	0.196755	0.197769	0.200811	0.208925	0.253550	0.345842	0.572008	0.640974	0.907708
0.007085	0.036433	0.085029	0.192308	0.193320	0.194332	0.196356	0.206478	0.251012	0.346154	0.577935	0.644737	0.903846
0.008114	0.033243	0.078212	0.177485	0.178499	0.180527	0.183570	0.193712	0.246450	0.347870	0.594320	0.658215	0.909736
0.008105	0.037422	0.082612	0.182371	0.183384	0.184397	0.187437	0.197568	0.254306	0.358663	0.605876	0.667680	0.910841
0.008097	0.037064	0.081677	0.180162	0.181174	0.183198	0.186235	0.197368	0.256073	0.361336	0.619433	0.676113	0.913968
0.010132	0.036298	0.079628	0.175279	0.176292	0.178318	0.182371	0.194529	0.259372	0.363728	0.623100	0.677812	0.916920
0.008105	0.031814	0.072751	0.163121	0.164134	0.166160	0.170213	0.182371	0.252280	0.363728	0.630193	0.684904	0.917933
0.009119	0.033519	0.073924	0.163121	0.164134	0.166160	0.169200	0.182371	0.259372	0.371834	0.637285	0.689970	0.919959
0.010132	0.032556	0.071366	0.157042	0.158055	0.160081	0.164134	0.177305	0.261398	0.373860	0.640324	0.694022	0.925025
0.009100	0.030999	0.068934	0.152679	0.154702	0.156724	0.161780	0.174924	0.268959	0.382204	0.651163	0.702730	0.930233
0.012158	0.034151	0.070569	0.150963	0.152989	0.155015	0.159068	0.173252	0.276596	0.381966	0.645390	0.695035	0.932118
0.009119	0.032767	0.070248	0.152989	0.154002	0.155015	0.159068	0.175279	0.281662	0.390071	0.648430	0.699088	0.931104
0.010132	0.032335	0.067424	0.144883	0.145897	0.147923	0.151976	0.167173	0.284701	0.390071	0.658561	0.705167	0.936170
0.010121	0.030118	0.064905	0.141700	0.143725	0.145749	0.150810	0.164980	0.289474	0.396761	0.655870	0.702429	0.935223
0.009109	0.028464	0.062189	0.136640	0.137652	0.139676	0.143725	0.158907	0.287449	0.393725	0.650810	0.698381	0.936235
0.010121	0.030649	0.064640	0.139676	0.140688	0.142713	0.147773	0.161943	0.292510	0.395749	0.653846	0.697368	0.935223
0.010111	0.030347	0.062181	0.132457	0.133468	0.135490	0.140546	0.156724	0.292214	0.395349	0.647118	0.693630	0.933266
0.010121	0.026329	0.058196	0.128543	0.129555	0.131579	0.136640	0.152834	0.297571	0.403846	0.652834	0.696356	0.932186
0.011145	0.027901	0.059002	0.127660	0.129686	0.132725	0.137791	0.156028	0.313070	0.412361	0.660588	0.703141	0.935157
0.009119	0.027740	0.058576	0.126646	0.127660	0.129686	0.134752	0.151976	0.315096	0.420466	0.663627	0.708207	0.934144
0.014228	0.033650	0.062447	0.126016	0.128049	0.131098	0.137195	0.154472	0.320122	0.415650	0.655488	0.699187	0.936992
0.012170	0.032357	0.062426	0.128803	0.129817	0.131846	0.136917	0.154158	0.323529	0.424949	0.652130	0.696755	0.935091
0.012183	0.030731	0.059765	0.123858	0.124873	0.127919	0.134010	0.152284	0.337056	0.435533	0.663959	0.706599	0.940102
0.013198	0.033084	0.062650	0.127919	0.128934	0.131980	0.138071	0.156345	0.350254	0.447716	0.673096	0.713706	0.942132
0.014213	0.029605	0.056774	0.116751	0.117766	0.120812	0.127919	0.147208	0.357360	0.453807	0.677157	0.715736	0.941117
0.017294	0.035125	0.061281	0.119023	0.121058	0.125127	0.132248	0.154629	0.386572	0.479145	0.694812	0.733469	0.948118
0.014213	0.030188	0.054960	0.109645	0.111675	0.114721	0.121827	0.144162	0.392893	0.486294	0.701523	0.738071	0.947208
0.015228	0.030027	0.054533	0.108629	0.110660	0.113706	0.121827	0.146193	0.401015	0.493401	0.704569	0.740102	0.948223
0.016293	0.031510	0.055022	0.106925	0.108961	0.113035	0.121181	0.145621	0.406314	0.500000	0.711813	0.748473	0.953157
0.018330	0.034031	0.058344	0.112016	0.115071	0.119145	0.129328	0.157841	0.416497	0.510183	0.707739	0.744399	0.953157
0.023493	0.038110	0.060621	0.110317	0.113381	0.118488	0.129724	0.158325	0.417773	0.517875	0.716037	0.751788	0.953013
0.020429	0.035045	0.057557	0.107252	0.109295	0.114402	0.126660	0.155260	0.413687	0.515832	0.724208	0.759959	0.953013
0.024565	0.037215	0.058161	0.104401	0.106448	0.112590	0.126919	0.158649	0.429887	0.530194	0.732856	0.770727	0.954964
0.027664	0.040002	0.060432	0.105533	0.109631	0.116803	0.130123	0.164959	0.441598	0.545082	0.740779	0.778689	0.955943
0.027721	0.040572	0.061852	0.108830	0.111910	0.119097	0.134497	0.171458	0.447639	0.555441	0.748460	0.781314	0.955852
0.029866	0.044164	0.064429	0.109166	0.112255	0.119464	0.136972	0.173018	0.438723	0.549949	0.744593	0.781668	0.957775
0.028807	0.042224	0.062738	0.108025	0.111111	0.119342	0.135802	0.174897	0.443416	0.553498	0.747942	0.782922	0.956790
0.028896	0.043877	0.065267	0.112487	0.116615	0.125903	0.144479	0.186791	0.437564	0.560372	0.744066	0.781218	0.953560
0.035197	0.045756	0.066669	0.112836	0.116977	0.127329	0.150104	0.189441	0.439959	0.557971	0.747412	0.785714	0.958592
0.034304	0.048571	0.068753	0.113306	0.117464	0.127859	0.150728	0.193347	0.434511	0.554054	0.745322	0.783784	0.955301
0.046073	0.057304	0.077634	0.122513	0.128796	0.141361	0.170681	0.220942	0.452356	0.568586	0.750785	0.785340	0.960209
0.042842	0.058674	0.081429	0.131661	0.138976	0.152560	0.185998	0.236155	0.464995	0.589342	0.759666	0.796238	0.957158
0.057143	0.070944	0.092044	0.138624	0.148148	0.162963	0.194709	0.250794	0.473016	0.598942	0.771429	0.798942	0.958730
0.053079	0.067544	0.091497	0.144374	0.153928	0.174098	0.212314	0.266454	0.478769	0.601911	0.760085	0.789809	0.953291
0.065451	0.078488	0.101853	0.153433	0.162017	0.179185	0.224249	0.282189	0.502146	0.622318	0.777897	0.805794	0.963519
0.070815	0.087529	0.113428	0.170601	0.180258	0.197425	0.241416	0.301502	0.527897	0.651288	0.792918	0.817597	0.960300
0.069370	0.078122	0.099683	0.147279	0.159018	0.182497	0.226254	0.288154	0.520811	0.642476	0.796158	0.819637	0.965848
0.074434	0.090725	0.115914	0.171521	0.185545	0.212513	0.259978	0.320388	0.548004	0.660194	0.809061	0.834951	0.971953
0.076170	0.087269	0.109252	0.157780	0.171926	0.191513	0.240479	0.306855	0.535365	0.658324	0.808487	0.837867	0.969532
0.096916	0.110178	0.132138	0.180617	0.200441	0.226872	0.286344	0.356828	0.563877	0.670705	0.810573	0.834802	0.975771
0.108647	0.121877	0.141947	0.186253	0.202882	0.228381	0.288248	0.347007	0.543237	0.670732	0.813747	0.837029	0.973392
InSchool1985 African
0.000000	0.000000	0.000000	0.000000	0.000000	0.000000	0.000000	0.000000	0.000000	0.000000	0.000000	0.000000	0.000000
0.000000	0.000000	0.000000	0.000000	0.000000	0.000000	0.000000	0.000000	0.000000	0.000000	0.000000	0.000000	0.000000
0.000000	0.000000	0.000000	0.000000	0.000000	0.000000	0.000000	0.000000	0.000000	0.000000	0.000000	0.000000	0.000000
0.000000	0.000000	0.000000	0.000000	0.000000	0.000000	0.000000	0.000000	0.000000	0.000000	0.000000	0.000000	0.000000
0.000000	0.000000	0.000000	0.000000	0.000000	0.000000	0.000000	0.000000	0.000000	0.000000	0.000000	0.000000	0.000000
0.266667	1.000000	1.000000	1.000000	1.000000	1.000000	1.000000	1.000000	1.000000	1.000000	1.000000	1.000000	1.000000
0.756944	1.000000	1.000000	1.000000	1.000000	1.000000	1.000000	1.000000	1.000000	1.000000	1.000000	1.000000	1.000000
0.735367	0.998814	1.000000	1.000000	1.000000	1.000000	1.000000	1.000000	1.000000	1.000000	1.000000	1.000000	1.000000
0.638846	0.991126	0.998145	1.000000	1.000000	1.000000	1.000000	1.000000	1.000000	1.000000	1.000000	1.000000	1.000000
0.443759	0.968015	0.988332	0.996068	1.000000	1.000000	1.000000	1.000000	1.000000	1.000000	1.000000	1.000000	1.000000
0.253464	0.901867	0.960455	0.978189	0.994403	1.000000	1.000000	1.000000	1.000000	1.000000	1.000000	1.000000	1.000000
0.048859	0.756849	0.884496	0.931112	0.971481	0.993487	1.000000	1.000000	1.000000	1.000000	1.000000	1.000000	1.000000
0.007712	0.395021	0.720428	0.815699	0.914244	0.968823	0.989813	1.000000	1.000000	1.000000	1.000000	1.000000	1.000000
0.001175	0.105899	0.398440	0.600816	0.782605	0.909369	0.954516	0.984622	1.000000	1.000000	1.000000	1.000000	1.000000
0.000178	0.019638	0.126306	0.300376	0.554041	0.776796	0.875082	0.937979	0.980007	1.000000	1.000000	1.000000	1.000000
0.000027	0.003246	0.027707	0.095094	0.273181	0.549668	0.714643	0.843008	0.925287	0.976414	1.000000	1.000000	1.000000
0.000004	0.000517	0.005223	0.022477	0.089891	0.277829	0.472967	0.671490	0.821748	0.921532	0.967295	1.000000	1.000000
0.000001	0.000081	0.000923	0.004617	0.022617	0.096247	0.227335	0.436298	0.648317	0.828407	0.899459	0.950241	0.290000
0.000000	0.000012	0.000157	0.000881	0.004938	0.025622	0.078964	0.214805	0.422542	0.684469	0.794408	0.856277	0.276106
0.000000	0.000002	0.000026	0.000160	0.000994	0.005886	0.021864	0.080720	0.214933	0.495666	0.646988	0.724532	0.254394
0.000000	0.000000	0.000004	0.000028	0.000189	0.001238	0.005277	0.024926	0.086034	0.301099	0.468479	0.560693	0.227619
0.000000	0.000000	0.000001	0.000005	0.000035	0.000245	0.001164	0.006774	0.028745	0.151924	0.292388	0.386170	0.197331
0.000000	0.000000	0.000000	0.000001	0.000006	0.000046	0.000241	0.001686	0.008488	0.065677	0.156164	0.232584	0.165526
0.000000	0.000000	0.000000	0.000000	0.000001	0.000008	0.000047	0.000393	0.002296	0.025458	0.072841	0.122652	0.134450
0.000000	0.000000	0.000000	0.000000	0.000000	0.000001	0.000009	0.000087	0.000580	0.009182	0.030647	0.057659	0.106109
0.000000	0.000000	0.000000	0.000000	0.000000	0.000000	0.000002	0.000018	0.000139	0.003156	0.011972	0.024750	0.081801
0.000000	0.000000	0.000000	0.000000	0.000000	0.000000	0.000000	0.000004	0.000032	0.001049	0.004432	0.009910	0.061972
0.000000	0.000000	0.000000	0.000000	0.000000	0.000000	0.000000	0.000001	0.000007	0.000341	0.001576	0.003761	0.046391
0.000000	0.000000	0.000000	0.000000	0.000000	0.000000	0.000000	0.000000	0.000001	0.000109	0.000543	0.001369	0.034460
0.000000	0.000000	0.000000	0.000000	0.000000	0.000000	0.000000	0.000000	0.000000	0.000034	0.000183	0.000482	0.025476
0.000000	0.000000	0.000000	0.000000	0.000000	0.000000	0.000000	0.000000	0.000000	0.000011	0.000060	0.000165	0.018780
InSchool1985 coloured
0.000000	0.000000	0.000000	0.000000	0.000000	0.000000	0.000000	0.000000	0.000000	0.000000	0.000000	0.000000	0.000000
0.000000	0.000000	0.000000	0.000000	0.000000	0.000000	0.000000	0.000000	0.000000	0.000000	0.000000	0.000000	0.000000
0.000000	0.000000	0.000000	0.000000	0.000000	0.000000	0.000000	0.000000	0.000000	0.000000	0.000000	0.000000	0.000000
0.000000	0.000000	0.000000	0.000000	0.000000	0.000000	0.000000	0.000000	0.000000	0.000000	0.000000	0.000000	0.000000
0.000000	0.000000	0.000000	0.000000	0.000000	0.000000	0.000000	0.000000	0.000000	0.000000	0.000000	0.000000	0.000000
0.280000	1.000000	1.000000	1.000000	1.000000	1.000000	1.000000	1.000000	1.000000	1.000000	1.000000	1.000000	1.000000
0.787721	1.000000	1.000000	1.000000	1.000000	1.000000	1.000000	1.000000	1.000000	1.000000	1.000000	1.000000	1.000000
0.717741	0.998720	1.000000	1.000000	1.000000	1.000000	1.000000	1.000000	1.000000	1.000000	1.000000	1.000000	1.000000
0.610852	0.986382	0.997949	1.000000	1.000000	1.000000	1.000000	1.000000	1.000000	1.000000	1.000000	1.000000	1.000000
0.361686	0.945273	0.981185	0.995562	1.000000	1.000000	1.000000	1.000000	1.000000	1.000000	1.000000	1.000000	1.000000
0.046884	0.812010	0.925800	0.963972	0.993583	1.000000	1.000000	1.000000	1.000000	1.000000	1.000000	1.000000	1.000000
0.003560	0.339767	0.760379	0.866674	0.952227	0.992433	1.000000	1.000000	1.000000	1.000000	1.000000	1.000000	1.000000
0.000259	0.045614	0.324045	0.626983	0.831244	0.947188	0.985090	1.000000	1.000000	1.000000	1.000000	1.000000	1.000000
0.000019	0.003991	0.052705	0.226073	0.563783	0.818483	0.905568	0.976901	1.000000	1.000000	1.000000	1.000000	1.000000
0.000001	0.000318	0.005554	0.037671	0.196634	0.545371	0.711140	0.869122	0.969306	1.000000	1.000000	1.000000	1.000000
0.000000	0.000025	0.000513	0.004433	0.034766	0.194602	0.399729	0.638449	0.840858	0.962166	1.000000	1.000000	1.000000
0.000000	0.000002	0.000044	0.000454	0.004438	0.036756	0.124376	0.329666	0.591824	0.826753	0.946210	1.000000	1.000000
0.000000	0.000000	0.000004	0.000043	0.000489	0.005020	0.023480	0.101566	0.293241	0.585018	0.779812	0.917706	0.227000
0.000000	0.000000	0.000000	0.000004	0.000049	0.000587	0.003392	0.020638	0.091672	0.302460	0.522537	0.699440	0.212467
0.000000	0.000000	0.000000	0.000000	0.000005	0.000062	0.000421	0.003293	0.019837	0.106044	0.260374	0.423720	0.184956
0.000000	0.000000	0.000000	0.000000	0.000000	0.000006	0.000047	0.000452	0.003419	0.027070	0.093093	0.194701	0.152773
0.000000	0.000000	0.000000	0.000000	0.000000	0.000001	0.000005	0.000056	0.000508	0.005631	0.025404	0.067699	0.120718
0.000000	0.000000	0.000000	0.000000	0.000000	0.000000	0.000000	0.000006	0.000068	0.001024	0.005754	0.018749	0.092243
0.000000	0.000000	0.000000	0.000000	0.000000	0.000000	0.000000	0.000001	0.000008	0.000169	0.001144	0.004387	0.069027
0.000000	0.000000	0.000000	0.000000	0.000000	0.000000	0.000000	0.000000	0.000001	0.000026	0.000206	0.000904	0.051088
0.000000	0.000000	0.000000	0.000000	0.000000	0.000000	0.000000	0.000000	0.000000	0.000004	0.000034	0.000169	0.037607
0.000000	0.000000	0.000000	0.000000	0.000000	0.000000	0.000000	0.000000	0.000000	0.000001	0.000005	0.000029	0.027605
0.000000	0.000000	0.000000	0.000000	0.000000	0.000000	0.000000	0.000000	0.000000	0.000000	0.000001	0.000005	0.020229
0.000000	0.000000	0.000000	0.000000	0.000000	0.000000	0.000000	0.000000	0.000000	0.000000	0.000000	0.000001	0.014808
0.000000	0.000000	0.000000	0.000000	0.000000	0.000000	0.000000	0.000000	0.000000	0.000000	0.000000	0.000000	0.010832
0.000000	0.000000	0.000000	0.000000	0.000000	0.000000	0.000000	0.000000	0.000000	0.000000	0.000000	0.000000	0.007918
InSchool1985 white
0.000000	0.000000	0.000000	0.000000	0.000000	0.000000	0.000000	0.000000	0.000000	0.000000	0.000000	0.000000	0.000000
0.000000	0.000000	0.000000	0.000000	0.000000	0.000000	0.000000	0.000000	0.000000	0.000000	0.000000	0.000000	0.000000
0.000000	0.000000	0.000000	0.000000	0.000000	0.000000	0.000000	0.000000	0.000000	0.000000	0.000000	0.000000	0.000000
0.000000	0.000000	0.000000	0.000000	0.000000	0.000000	0.000000	0.000000	0.000000	0.000000	0.000000	0.000000	0.000000
0.000000	0.000000	0.000000	0.000000	0.000000	0.000000	0.000000	0.000000	0.000000	0.000000	0.000000	0.000000	0.000000
0.286667	1.000000	1.000000	1.000000	1.000000	1.000000	1.000000	1.000000	1.000000	1.000000	1.000000	1.000000	1.000000
0.779294	1.000000	1.000000	1.000000	1.000000	1.000000	1.000000	1.000000	1.000000	1.000000	1.000000	1.000000	1.000000
0.671340	0.999538	1.000000	1.000000	1.000000	1.000000	1.000000	1.000000	1.000000	1.000000	1.000000	1.000000	1.000000
0.756258	0.993730	0.999245	1.000000	1.000000	1.000000	1.000000	1.000000	1.000000	1.000000	1.000000	1.000000	1.000000
0.565587	0.981090	0.990407	0.998337	1.000000	1.000000	1.000000	1.000000	1.000000	1.000000	1.000000	1.000000	1.000000
0.026838	0.908934	0.970190	0.980140	0.997561	1.000000	1.000000	1.000000	1.000000	1.000000	1.000000	1.000000	1.000000
0.000584	0.254895	0.866525	0.937955	0.972236	0.997090	1.000000	1.000000	1.000000	1.000000	1.000000	1.000000	1.000000
0.000012	0.009145	0.239805	0.756308	0.913097	0.968104	0.995320	1.000000	1.000000	1.000000	1.000000	1.000000	1.000000
0.000000	0.000225	0.010851	0.157961	0.687906	0.899612	0.951288	0.992586	1.000000	1.000000	1.000000	1.000000	1.000000
0.000000	0.000005	0.000324	0.007717	0.133066	0.656750	0.850230	0.928243	0.989951	1.000000	1.000000	1.000000	1.000000
0.000000	0.000000	0.000009	0.000265	0.007123	0.128940	0.552398	0.786764	0.908689	0.987189	1.000000	1.000000	1.000000
0.000000	0.000000	0.000000	0.000008	0.000269	0.007540	0.095491	0.451225	0.736728	0.894662	0.981219	1.000000	1.000000
0.000000	0.000000	0.000000	0.000000	0.000009	0.000309	0.005924	0.074109	0.389030	0.701094	0.859548	0.970395	0.558000
0.000000	0.000000	0.000000	0.000000	0.000000	0.000011	0.000263	0.005139	0.064137	0.357148	0.626398	0.799159	0.536948
0.000000	0.000000	0.000000	0.000000	0.000000	0.000000	0.000010	0.000259	0.004893	0.066747	0.289697	0.520769	0.486596
0.000000	0.000000	0.000000	0.000000	0.000000	0.000000	0.000000	0.000011	0.000273	0.006314	0.055153	0.211567	0.427802
0.000000	0.000000	0.000000	0.000000	0.000000	0.000000	0.000000	0.000000	0.000013	0.000444	0.005823	0.039028	0.365375
0.000000	0.000000	0.000000	0.000000	0.000000	0.000000	0.000000	0.000000	0.000001	0.000026	0.000462	0.004321	0.304650
0.000000	0.000000	0.000000	0.000000	0.000000	0.000000	0.000000	0.000000	0.000000	0.000001	0.000031	0.000364	0.249830
0.000000	0.000000	0.000000	0.000000	0.000000	0.000000	0.000000	0.000000	0.000000	0.000000	0.000002	0.000026	0.202257
0.000000	0.000000	0.000000	0.000000	0.000000	0.000000	0.000000	0.000000	0.000000	0.000000	0.000000	0.000002	0.162004
0.000000	0.000000	0.000000	0.000000	0.000000	0.000000	0.000000	0.000000	0.000000	0.000000	0.000000	0.000000	0.128612
0.000000	0.000000	0.000000	0.000000	0.000000	0.000000	0.000000	0.000000	0.000000	0.000000	0.000000	0.000000	0.101357
0.000000	0.000000	0.000000	0.000000	0.000000	0.000000	0.000000	0.000000	0.000000	0.000000	0.000000	0.000000	0.079406
0.000000	0.000000	0.000000	0.000000	0.000000	0.000000	0.000000	0.000000	0.000000	0.000000	0.000000	0.000000	0.061914
0.000000	0.000000	0.000000	0.000000	0.000000	0.000000	0.000000	0.000000	0.000000	0.000000	0.000000	0.000000	0.048093



