0	0.397271037	0.211734772	0.871566057	0.396666765	22.24932486	12.87475046	0.904504075	0.737760544	0.104846597	0.046851397	0.174791336	0.240478039	24.38116411	77.62959482	0.945128	275.4601235	0.73969686	0.380226135	0.019700974	0.43132019	0.438977242	2.037638396	16.32859758	32.41421402	89.67283721	0.437327059	0.280587435	0.007668141	0.002880674	0.000934375	9.88727E-05	0.002119572	0.131949902	6.847060904	2.957400102	20.43931107	0.104513562
1	0.323197365	0.214419127	0.926843524	0.202664614	20.64340519	17.85470306	1.466316194	0.738562584	0.058899522	0.060499668	0.172299623	0.176977396	9.25959896	106.0286289	0.600551	652.4205598	0.682713389	0.177368164	0.07943368	0.328305364	0.38445735	1.766862055	19.46867393	27.46477466	156.9826054	1.483175541	0.457202435	0.011152029	0.002686573	0.000659682	0.000183805	0.001123451	0.108442903	6.194278444	2.811500826	21.90897609	0.103658583
2	0.316724777	0.279572725	0.886148572	0.246476412	20.23183685	14.54845234	1.181892753	0.781862497	0.184006929	0.07324779	0.245773792	0.244680405	8.654955331	92.07781066	0.861694	572.3993485	0.747354269	0.285453796	0.069907427	0.39006269	0.207608223	1.265697045	8.029206805	15.20604449	93.75039328	0.819714638	0.510118484	0.010296285	0.002631201	0.000825187	0.000158527	0.002076585	0.194927454	6.993116055	3.209654509	10.69432367	0.091110937
3	0.407366991	0.280321598	0.855055094	0.33257103	14.88996023	19.23951844	1.718633097	0.745437622	0.223839521	0.10009253	0.285094976	0.16055727	14.24102413	72.72343101	0.829509	385.0276958	0.80312252	0.214528084	0.035198897	0.31866169	0.207838535	2.891301105	14.76155123	11.73487683	158.7557842	1.028732576	0.247144222	0.008745279	0.002237223	0.000760096	0.00013202	0.001512148	0.194736004	5.454146545	3.564105662	13.60963139	0.090223416
4	0.507631779	0.250698924	0.88000834	0.49503088	10.53428991	11.87608974	1.007089034	0.828840733	0.088498712	0.068160176	0.111856222	0.120960593	31.2477658	71.19933838	0.901006	303.2612801	0.621534109	0.212480307	0.080848217	0.26132679	0.207019925	1.534736386	20.01875067	11.4433771	238.7323101	1.861660529	0.157393456	0.009023413	0.002087354	0.000726569	0.0001468	0.001267696	0.120231688	6.01535443	2.877184383	18.76146735	0.081021774
5	0.527525187	0.265039682	0.957703233	0.374217272	22.29345891	13.03909757	1.404540356	0.714919448	0.127425909	0.11856842	0.469692707	0.080078602	14.52882287	87.30586497	0.684434	506.1760879	0.690101624	0.183889866	0.078902245	0.399932623	0.401345491	1.249515078	21.0465251	29.48665897	200.2066593	1.802548917	0.370205879	0.006958769	0.003009413	0.001226278	0.00012416	0.002149698	0.19316113	5.501377463	3.506225747	16.57329529	0.079636436
6	0.541993618	0.254443407	0.888082445	0.211900711	14.68247823	11.69294897	1.050556936	0.794091105	0.164148927	0.08113265	0.411647797	0.23664856	18.86596169	97.38631331	0.62246	418.6825599	0.746071815	0.176689982	0.056469738	0.296993256	0.301289082	2.568563546	17.42231962	12.82818501	174.6684586	0.827139944	0.088367462	0.007895159	0.002837983	0.000989625	0.000148046	0.002025411	0.256316185	5.700835665	3.247745995	18.35175833	0.097089103
7	0.408966064	0.237850308	0.85212183	0.083374023	14.91710036	15.06311182	1.300620107	0.664840341	0.172633648	0.264318228	0.23443985	0.191165924	8.374609374	74.4091367	0.67247	415.0747973	0.614928961	0.116314709	0.036099017	0.304121733	0.136321068	2.546438629	8.512018304	16.82755049	247.8190019	2.207978061	0.101905823	0.008457527	0.003584974	0.000790501	0.000119563	0.001627324	0.236506462	6.078336436	3.014726256	16.77160391	0.100025076
8	0.360626221	0.210613966	0.828393698	0.3611691	16.50147196	17.65138947	1.501998393	0.833323002	0.187552571	0.210917473	0.561154366	0.273254871	17.52248494	97.94676845	0.983169	444.6830055	0.671745539	0.235496044	0.03107354	0.438238144	0.214171886	2.805434616	12.81624606	10.7267929	107.49875	0.3901118	0.441459417	0.009620741	0.002609774	0.001120226	0.000108724	0.003133021	0.128554285	6.42806879	2.982783798	8.172645734	0.087660428
9	0.513917685	0.215238869	0.888988197	0.223273754	21.1992931	10.56118825	0.943409598	0.760852814	0.12701124	0.044190049	0.320059538	0.102841437	11.88633587	90.57910434	0.396706	514.5937495	0.637016535	0.195256591	0.044812799	0.305539608	0.141404152	1.743036416	12.02239565	25.09524287	168.8639971	1.712939691	0.233138561	0.008421397	0.003156511	0.000729656	0.00012773	0.001756589	0.127016068	6.433193697	2.890554477	16.92298288	0.119387205
10	0.433989882	0.275606632	0.924698591	0.360446215	12.96996053	15.01116883	1.322437321	0.660006166	0.374816895	0.226305723	0.371496916	0.189502001	7.075301815	64.99876561	0.985068	326.5245579	0.741459608	0.356740952	0.012963653	0.212535858	0.157793283	1.276251067	12.21718541	23.38463962	138.2972395	1.377368254	0.554012775	0.007419137	0.003092015	0.000918482	0.000142775	0.00187454	0.178957582	5.883000278	2.411143564	27.43759354	0.123862142
11	0.529970884	0.216422021	0.947010159	0.483786106	16.78288552	13.0521129	0.954626709	0.68472147	0.249577522	0.109338641	0.275482655	0.249587059	25.30894938	82.01159371	0.562839	641.5746338	0.651105642	0.264129162	0.038178951	0.448931932	0.308204651	2.419045002	11.06057841	21.91901089	141.0981757	1.570142769	0.316368818	0.007265217	0.002908534	0.000649225	0.000126428	0.001244731	0.180352211	6.502645672	4.036494254	15.11210517	0.120101113
12	0.476483107	0.268706083	0.90359062	0.343176365	13.03780548	14.02239336	1.143866568	0.596336603	0.123104334	0.109679818	0.358698368	0.036559105	18.20215774	89.69923528	0.934838	526.677607	0.778595209	0.254805326	0.034974605	0.389305711	0.13532114	1.997572635	11.01569603	27.40557967	146.9800639	1.556139798	0.435087681	0.007282151	0.00335164	0.000932795	0.000120071	0.001516127	0.161684394	4.876616083	4.11257207	16.00039836	0.08472953
13	0.462034345	0.235887051	0.898343921	0.464305878	16.38152896	16.58488239	1.408705171	0.669131041	0.218551874	0.09928894	0.391401768	0.12080884	1.499450906	79.87451201	0.872998	397.4531071	0.618220091	0.124521732	0.035881788	0.383107066	0.444238186	2.879206414	16.64130062	30.07228043	211.5226876	1.722143957	0.293764353	0.006207071	0.002814703	0.000777124	0.000205243	0.001383912	0.143154562	5.807718729	2.976052196	28.00656593	0.083580908
14	0.598661423	0.241549253	0.852886677	0.212407589	15.93982756	12.1951674	1.301123639	0.747755885	0.208197117	0.097242594	0.069027901	0.074687123	16.92065998	64.8812677	0.977645	407.998386	0.795014858	0.179347873	0.05642134	0.581525803	0.224978447	1.61126437	15.22153761	29.48407191	103.5263134	0.81236889	0.228714466	0.005969644	0.00360737	0.000929852	0.000119361	0.002311702	0.111517429	6.258102681	4.026274713	21.68631605	0.125467084
15	0.323197365	0.214419127	0.926843524	0.202664614	20.64340519	17.85470306	1.466316194	0.738562584	0.157568574	0.039948225	0.093459606	0.167758822	16.87645169	86.63798867	0.254964	412.5939885	0.843918324	0.279171944	0.012201309	0.587392807	0.238868952	1.12246069	8.713115648	31.80214776	159.5998665	1.174570567	0.405585527	0.008571789	0.003685683	0.001091221	0.000148479	0.002254619	0.155764401	4.579202133	3.711901841	8.911704073	0.100787232
16	0.583877563	0.234605074	0.911654949	0.340553045	18.50049623	13.1188202	1.238955893	0.767868638	0.1106534	0.025824785	0.052568913	0.180585146	32.30802861	99.22455706	0.938135	342.9477474	0.793272734	0.202305079	0.031986624	0.35265255	0.215358973	2.092747305	16.08596182	29.06487247	155.2043711	1.808640637	0.176650524	0.00951419	0.002286561	0.000791987	0.000165726	0.001511795	0.109353065	6.738224511	3.373440107	18.09979802	0.094979237
17	0.441037655	0.155319571	0.743045807	0.288769722	19.53125073	12.92895127	1.047760772	0.70492208	0.255758762	0.091977358	0.23720026	0.2074368	9.757963556	76.74246644	0.501373	383.5260913	0.756091356	0.19075489	0.050424933	0.419926405	0.205645323	1.327262602	16.13435094	22.24544933	125.7524667	1.006787491	0.134820938	0.007545825	0.002418604	0.000783683	0.000126091	0.002775501	0.195094109	6.083522287	4.014112549	16.70389768	0.128533952
18	0.598661423	0.241549253	0.852886677	0.212407589	15.93982756	12.1951674	1.301123639	0.747755885	0.208563805	0.135079265	0.431699753	0.226261616	7.833213052	68.411685	0.956582	276.912627	0.732953429	0.175565958	0.052141696	0.369046211	0.133292198	1.478365815	24.34511339	23.44446379	122.2316222	1.178407069	0.22884655	0.010874987	0.002846707	0.000897104	0.000175583	0.001381882	0.161593676	5.644589971	2.856460999	9.894751981	0.100423721
19	0.380077839	0.253046751	0.929528475	0.182922363	14.76893087	14.84803962	0.972829484	0.817650795	0.147598624	0.09812057	0.356184006	0.056353807	6.646404297	92.33783639	0.979303	520.5187913	0.83661747	0.348287582	0.033697426	0.386506557	0.305527449	1.534343706	12.09667578	28.14671734	109.0697024	1.359743943	0.45126009	0.008546811	0.002595064	0.000692769	0.000124536	0.00167388	0.191549897	5.260198849	2.147445298	12.66451517	0.060134553
20	0.372599006	0.268320322	0.777827263	0.508664131	13.29276503	16.8131624	1.256226794	0.738940597	0.095246732	0.063306332	0.331420422	0.24585104	7.228453284	83.2963871	0.731012	305.1280508	0.648196459	0.284402847	0.041428149	0.41245079	0.311487198	2.097701511	9.629507569	15.55756489	126.7011285	0.882571217	0.60577631	0.008347008	0.00278978	0.001009311	0.000171289	0.00223839	0.233872414	6.640989562	3.138751896	14.589706	0.116434408
21	0.484443545	0.222971141	0.915052593	0.348157406	17.62870172	13.8378279	1.196454361	0.692959785	0.209696293	0.0473001	0.139242649	0.105905414	14.23137397	84.47305555	0.519435	491.339164	0.581896067	0.083617568	0.027648121	0.47056675	0.17445755	2.488703873	9.330185462	24.86861501	291.9890326	0.789850767	0.703665733	0.009094708	0.003374673	0.000765542	0.00014706	0.001659155	0.212665796	4.447774061	2.151245825	11.17515444	0.146482693
22	0.441037655	0.155319571	0.743045807	0.288769722	19.53125073	12.92895127	1.047760772	0.70492208	0.124186635	0.069389224	0.138273239	0.079153061	7.261073237	100.535335	0.426489	688.3718973	0.673965812	0.186891198	0.01745677	0.382039428	0.334844112	2.115090911	22.38981875	17.96672042	185.3405158	0.803505062	0.394689322	0.007429716	0.002985185	0.000803614	9.18424E-05	0.001518149	0.182258964	5.63270122	2.918752855	15.92256053	0.096303951
23	0.3603971	0.307457924	0.871214867	0.465003967	21.96909187	14.1537379	1.319926846	0.668699503	0.233839989	0.088544369	0.410870552	0.155693769	12.09134082	80.88754642	0.688718	445.4826104	0.741015315	0.173306108	0.030647457	0.426327944	0.246818423	2.886072649	15.28453089	27.50061838	197.3020929	1.26710801	0.32505703	0.006354865	0.002447855	0.001146622	0.000138354	0.001921307	0.187611878	6.215658015	2.425465751	15.84616295	0.093589131
24	0.253686905	0.232453465	0.907775939	0.180415154	19.73933393	14.83158693	0.834133846	0.800068617	0.176432729	0.127200723	0.456332207	0.26638031	24.6070715	77.51567614	0.671076	440.4752467	0.65530014	0.145007491	0.028166413	0.327255964	0.47031498	1.27648181	12.72901107	19.37293005	159.3207838	0.364052211	0.730133057	0.009670079	0.003028581	0.00080296	0.000196646	0.001620556	0.166479468	5.306979222	2.661918635	14.91588	0.074739326
25	0.520915031	0.222636342	0.939089119	0.281556606	21.64332811	13.64927778	1.579884574	0.60795784	0.159636021	0.090692878	0.397536278	0.226628304	17.7379606	104.2180166	0.701774	671.5271473	0.653839827	0.307279587	0.056035459	0.513939857	0.37505579	1.823003631	15.66200881	10.08251656	192.0285224	0.822412175	0.192234516	0.007851863	0.002121243	0.001177947	0.000184594	0.002155005	0.142449439	7.91165535	3.285704842	17.15076172	0.121980539
26	0.303743362	0.159679532	0.848116755	0.198814869	19.00581159	16.57339776	1.242333587	0.664202213	0.267061234	0.083786249	0.364220619	0.159544349	5.345004224	59.71891795	0.870996	261.9124867	0.79207468	0.346471786	0.03235428	0.374033809	0.221374393	1.477919326	18.14040534	16.88893806	138.2763516	1.155140936	0.508559942	0.008821577	0.002313807	0.00075425	0.000154188	0.001659442	0.195824862	6.753970917	3.441582669	15.1308946	0.058963229
27	0.564041138	0.189350128	0.903758407	0.401349783	19.01177587	14.61841943	1.248471875	0.606774807	0.190942287	0.165939927	0.423448563	0.093515754	31.33539403	106.7338006	0.975978	689.0653402	0.622897625	0.110621214	0.066169739	0.348962545	0.213784456	2.242573575	12.29522567	14.9884521	160.3710782	0.88106024	0.524870157	0.008846439	0.002659202	0.001086367	0.000112632	0.00226482	0.139551997	5.049722129	3.436696046	20.62702226	0.10517492
28	0.399047494	0.196430683	0.924815357	0.471124649	17.84682361	12.79888213	0.741413879	0.704524517	0.109704792	0.322561264	0.2409935	0.099378347	19.95711861	81.75288906	0.93992	496.0822253	0.756304979	0.258573294	0.023589075	0.511192799	0.354409695	1.231333637	13.20757037	29.52921352	114.7854876	0.465793455	0.552583218	0.007915452	0.003283685	0.00057053	0.000136654	0.001626087	0.121577919	5.603655102	3.083096281	11.2423071	0.096178007
29	0.475017548	0.251904249	0.829140902	0.556592226	15.0647126	12.98706014	1.266699857	0.635134101	0.140276432	0.057880282	0.339247704	0.184116602	9.391898274	88.02472722	0.649052	374.8040919	0.86335516	0.161932111	0.025488019	0.326229572	0.20515871	2.574964306	13.85274294	24.76097323	245.4334944	2.415831991	0.201110363	0.009413481	0.003015216	0.000838062	9.86059E-05	0.001973517	0.1634624	6.44158945	3.078087016	17.87969093	0.123266934
30	0.485558748	0.254920721	0.93625176	0.465084791	15.68482416	12.07782521	0.948439187	0.666799545	0.088784814	0.094262123	0.145683765	0.280816555	15.84068141	91.44359009	0.995341	405.4752466	0.644990921	0.129829764	0.031778216	0.317231417	0.34791398	0.98549091	11.39882866	25.25982782	151.5748263	0.59595483	0.650942802	0.00788124	0.002396363	0.000736091	0.000146289	0.002582518	0.181147575	8.421616007	3.150884227	15.89985987	0.106189849
31	0.413580418	0.255015731	0.82497263	0.338301897	16.44803924	18.15897337	1.91680182	0.71072197	0.149336934	0.059597254	0.045958519	0.050224543	16.8063389	84.14314739	0.995624	551.3688409	0.787872314	0.372638702	0.051829517	0.176689148	0.321184993	1.886115111	24.01311768	18.89316239	159.4797944	1.987254499	0.613525391	0.00951419	0.002286561	0.000791987	0.000165726	0.001511795	0.109353065	6.738224511	3.373440107	18.09979802	0.094979237
32	0.363752127	0.260128975	0.921764374	0.311446667	13.92169311	15.85509553	1.089211872	0.749107361	0.313659668	0.047071099	0.241740704	0.266704559	11.41430372	91.20676286	0.956201	388.9180265	0.61217761	0.157066226	0.090152979	0.337754607	0.188908339	1.949752683	17.37847672	37.12313791	113.937282	1.023095817	0.348478079	0.008263465	0.003019439	0.00086631	0.00010382	0.002136375	0.230305433	5.301972213	3.418935303	13.0602344	0.106641478
33	0.553269386	0.285341263	0.867673039	0.493736744	13.30644866	17.66171326	1.703783823	0.674540043	0.168738842	0.163276911	0.288951874	0.201659203	3.988218633	72.69185704	0.742146	361.2382256	0.732529402	0.263168573	0.029381752	0.391089439	0.190325737	1.449294492	28.28542025	34.83160222	118.6800354	1.5537242	0.686803818	0.007230422	0.003230479	0.000849515	0.000121437	0.001020171	0.286643982	7.730920567	2.999385038	20.66964947	0.103127809
34	0.613934517	0.218068957	0.833968997	0.357708693	20.67061348	12.28278855	1.06406385	0.685501099	0.150519848	0.209450006	0.452225685	0.293886662	15.82236343	93.11957228	0.399674	510.752147	0.654701114	0.273605824	0.052717805	0.265017033	0.467647552	1.256151677	8.145877541	20.71260942	104.5642588	1.2534072	0.35065794	0.007726795	0.003360804	0.000768484	0.000131551	0.001716395	0.175415874	7.033512575	3.159908111	19.27059541	0.117772693
35	0.408036947	0.247544527	0.913897038	0.665916443	20.0106891	11.98281925	0.887693689	0.74008882	0.198016405	0.101708055	0.416411877	0.070909858	30.71290173	86.28540479	0.842817	484.3947469	0.684686422	0.137316704	0.055591464	0.442895532	0.175846815	2.806322039	23.73111	28.95824661	185.6089262	1.761415135	0.349641562	0.007179894	0.003780186	0.00074851	0.000142493	0.001888937	0.136682928	6.86355531	2.734305311	11.69078072	0.109311652
36	0.437892675	0.2825284	0.884056389	0.254753113	15.49451774	9.041361846	0.794122657	0.599775791	0.18586874	0.056628704	0.35124135	0.414535522	15.71766646	96.74235028	0.978463	310.8701081	0.608541489	0.177575111	0.041812241	0.344564199	0.339061975	2.131754888	14.44165726	27.43766107	166.8061688	1.176312655	0.266410351	0.007445788	0.003143772	0.001122317	0.000165754	0.001350358	0.184933186	5.367505895	3.963270922	15.77580684	0.106959082
37	0.344753861	0.297728539	0.914203644	0.51005888	19.658026	20.56836724	1.761759872	0.779382229	0.313659668	0.047071099	0.241740704	0.266704559	11.41430372	91.20676286	0.956201	388.9180265	0.61217761	0.301166534	0.039386362	0.203603745	0.376241088	2.049117036	14.51014874	17.37618364	151.1256408	1.504737139	0.394488573	0.008085245	0.002868292	0.000851012	0.000148081	0.002088198	0.125655651	5.559399444	3.067135222	20.09697916	0.12606118
38	0.570942879	0.263907194	0.956294656	0.383904219	21.62036984	11.17127194	1.044268958	0.699369431	0.08343792	0.096903443	0.213213205	0.144648433	18.44912224	90.88436376	0.80966	519.7314165	0.550831318	0.168754578	0.03627032	0.2318573	0.270152807	1.215695906	17.84626736	11.78630307	202.2163762	0.608194907	0.504388332	0.008000229	0.002301786	0.001002529	9.38559E-05	0.002488442	0.170585096	5.23708646	3.206907509	23.4799364	0.109570622
39	0.513917685	0.215238869	0.888988197	0.223273754	21.1992931	10.56118825	0.943409598	0.760852814	0.280293465	0.10447824	0.347515821	0.169067621	31.76797891	80.329952	0.141304	531.663902	0.898965836	0.207104921	0.036028862	0.307966232	0.242138147	2.695052718	13.86157182	11.06282021	186.6983331	0.925734752	0.30663991	0.00795627	0.003294416	0.001121298	0.000199514	0.001853609	0.150253952	5.450822567	3.629086496	19.30131841	0.107369586
40	0.557064533	0.207775116	0.892120004	0.218935966	13.24966956	13.9405137	1.228505621	0.686994672	0.189415932	0.04112339	0.015975952	0.22656846	19.57539912	81.30713625	0.75723	390.9994225	0.618756294	0.203600287	0.054496527	0.41993165	0.390080929	0.76884072	14.21341927	14.42074008	119.3440084	0.590795724	0.778808594	0.009156413	0.002911126	0.00086881	9.87347E-05	0.001196701	0.249414921	6.257128439	2.322686336	9.007939749	0.083404232
41	0.305836558	0.273973942	0.936078489	0.148792267	19.34719584	15.04163264	1.220677427	0.692205429	0.313659668	0.047071099	0.241740704	0.266704559	11.41430372	91.20676286	0.956201	388.9180265	0.61217761	0.205957174	0.065187216	0.220093727	0.30361712	1.97605467	20.51823077	20.57713321	77.10427653	0.626316357	0.476257086	0.00734469	0.00338193	0.000934803	0.000162427	0.001421022	0.129784584	5.24195649	5.218660346	21.66958023	0.157945227
42	0.605324745	0.249365568	0.960064411	0.140872955	16.64205325	12.95763571	1.16853112	0.792009354	0.125578165	0.107569695	0.443466663	0.176882267	10.44031699	86.70937741	0.867003	317.65259	0.46210289	0.1958673	0.013161302	0.331004739	0.319582939	2.148744203	18.71208757	21.52311666	211.4060516	1.05574265	0.279037237	0.007267353	0.002234838	0.000840857	0.00013228	0.001318398	0.163765371	6.733304363	2.369723307	26.28325004	0.065595773
43	0.323197365	0.214419127	0.926843524	0.202664614	20.64340519	17.85470306	1.466316194	0.738562584	0.187965989	0.100068212	0.445554733	0.236349106	24.16004641	88.28366674	0.851039	377.2371209	0.705486894	0.195958734	0.056463838	0.510244846	0.304613948	1.141601464	11.26431308	23.71139787	191.5237559	2.338811749	0.485816479	0.007639546	0.002287565	0.00113071	0.000125944	0.001757504	0.186131477	5.314404509	3.64291963	20.74844362	0.11976354
44	0.541383266	0.197279215	0.844625711	0.241371155	18.29307517	12.55563502	1.331380501	0.812638521	0.168063164	0.055421829	0.192695379	0.187781334	9.626673031	88.0945672	0.545402	445.7047041	0.661601901	0.241802931	0.057127655	0.352976561	0.355953813	1.249100742	8.348657868	10.94028617	145.1907815	1.649065163	0.460319757	0.007905312	0.002990954	0.00090107	0.000118628	0.000936002	0.257735729	5.664762619	2.866480255	10.12777461	0.13884898
45	0.457737207	0.261227608	0.85635519	0.523434639	16.46450317	14.80112881	1.305819394	0.736248255	0.263936043	0.106133699	0.37753582	0.144154906	43.90035946	91.04123371	0.625096	656.8568598	0.657235861	0.180280209	0.045451641	0.230232239	0.41667366	2.497846395	12.76265164	29.55148442	152.1133938	1.168199136	0.368804693	0.007220427	0.002322747	0.000952277	0.000173276	0.002599102	0.11295414	4.536396966	2.836531245	14.10713216	0.10143323
46	0.630840302	0.248326063	0.912997425	0.438405037	14.69338751	15.96664672	1.532191547	0.674933195	0.198058128	0.054206371	0.232582569	0.20563221	7.738734466	99.50793413	0.663279	465.6714426	0.493649483	0.207332611	0.049578398	0.238054276	0.327012777	1.967859652	32.00374077	9.412825969	125.7027245	0.767189753	0.718938828	0.006963363	0.003108235	0.000967628	0.000157372	0.001906906	0.171823025	7.873864694	2.982116488	23.25372008	0.124405522
47	0.318510294	0.215195775	0.785330296	0.432790279	21.09831886	11.49816752	0.851439168	0.733009338	0.134215117	0.053746104	0.176215649	0.135200143	7.270899195	96.04739715	0.788898	573.420934	0.620378256	0.285453796	0.069907427	0.39006269	0.207608223	1.265697045	8.029206805	15.20604449	93.75039328	0.819714638	0.510118484	0.008060595	0.002568115	0.00082185	0.000206054	0.00196738	0.14492625	7.991103338	1.984238752	15.16941972	0.094251113
48	0.541950703	0.233363152	0.84788096	0.109998703	9.487496807	10.08399752	0.776931551	0.748461246	0.152243376	0.125083566	0.499639511	0.238320112	23.81438543	100.4019386	0.778292	436.3051195	0.691422939	0.199752569	0.044207305	0.454091072	0.196389437	1.840036306	15.38770936	33.65377389	122.4557643	1.023784122	0.602027893	0.009045392	0.003343571	0.000840503	0.000178841	0.001399191	0.151427269	6.72366177	2.767047608	17.30237438	0.08254789
49	0.40207088	0.246728659	0.939401031	0.268684149	23.52386448	13.23241288	1.242868654	0.601545334	0.136711597	0.060766101	0.320543766	0.061484694	21.07822975	80.84391536	0.425734	490.0054108	0.722247839	0.130910516	0.018709928	0.201230049	0.328139305	1.383887722	19.31596556	19.34751244	156.8948364	0.506213499	0.572200298	0.01056385	0.002777102	0.000736216	0.000143156	0.001588929	0.184876323	7.422758001	3.634752498	17.63216911	0.049007498
50	0.481718659	0.17664814	0.843462706	0.679611206	23.86705727	23.00735203	2.422375453	0.728474617	0.08343792	0.096903443	0.213213205	0.144648433	18.44912224	90.88436376	0.80966	519.7314165	0.550831318	0.156728745	0.04171589	0.264766693	0.182135582	2.595486469	13.46489808	12.40186951	148.962917	1.015051826	0.532764435	0.007485399	0.00261548	0.000587104	9.84392E-05	0.001035951	0.224882603	5.935083286	3.028595791	20.20087884	0.09796003
51	0.261124372	0.286207438	0.914277434	0.453175068	20.2459324	15.09006925	1.069060376	0.593304873	0.121931076	0.06941545	0.409476519	0.140081048	23.18242173	89.66159878	0.764751	461.1639681	0.82746172	0.237245083	0.034378976	0.314865589	0.248134613	3.238313783	15.88533858	23.82377736	137.1812019	1.460390249	0.331710339	0.008861877	0.002326551	0.000810688	0.000131708	0.002689891	0.195879936	5.140254989	2.91253808	16.83839721	0.084159607
52	0.370814085	0.226049602	0.859556437	0.203023434	20.21539011	17.77029352	1.680979036	0.540464878	0.107449353	0.337970734	0.38829565	0.042811871	11.63451938	80.8076324	0.309521	568.3397813	0.690164328	0.242078304	0.018304348	0.431403399	0.171553373	1.2916803	11.01091574	14.57953514	179.9126525	1.234486495	0.373389959	0.009435475	0.002636094	0.000751182	0.000142069	0.00163826	0.329284668	6.626248151	2.583359415	18.52251616	0.094321377
53	0.562673569	0.288246393	0.9496907	0.265589237	15.88744678	16.6337927	1.521321806	0.548141479	0.20625782	0.07645762	0.42227149	0.14822042	8.918702122	76.08104864	0.529477	377.918359	0.66797781	0.226660967	0.027307317	0.471824408	0.262252092	1.369187977	27.56340981	21.9316976	198.0469299	1.444973473	0.374490738	0.007650045	0.003115134	0.000737395	0.000136304	0.001761268	0.215333462	5.996984358	3.050389275	14.56049268	0.082622015
54	0.316953897	0.259683371	0.835518837	0.35201931	21.11009865	13.84195846	1.365471301	0.763010025	0.16434896	0.04195857	0.091407776	0.386619568	20.11783544	114.6067464	0.97506	600.919558	0.745280027	0.143274903	0.028337374	0.32294631	0.233114719	2.5431923	23.2037143	22.4444628	163.5501731	0.862820466	0.628038406	0.007650045	0.003115134	0.000737395	0.000136304	0.001761268	0.215333462	5.996984358	3.050389275	14.56049268	0.082622015
55	0.518979549	0.21218431	0.889485061	0.482479095	16.85992162	13.62282466	0.969309336	0.694256306	0.116925299	0.103805542	0.287085056	0.31481266	8.551099819	96.81953728	0.830464	390.8601805	0.722329259	0.173458099	0.067504168	0.421991587	0.196482182	1.542541403	13.77998983	22.94291346	163.018002	2.57912258	0.411753416	0.007972835	0.00280503	0.000645743	0.000153051	0.002323053	0.104714572	5.642125649	2.967889086	13.90840139	0.116898284
56	0.424672842	0.298726082	0.917445302	0.251228333	19.23152457	12.71341401	1.538665555	0.737444401	0.118144691	0.280817509	0.567382813	0.078834414	6.666868433	91.43832036	0.837586	530.1185322	0.737431407	0.244478226	0.038537383	0.427518845	0.21955049	2.104222745	13.0494813	21.29572049	93.85417785	0.681644741	0.595244884	0.008449266	0.002980586	0.00062156	0.000124621	0.002391746	0.129202306	5.97023815	2.443368265	17.99037665	0.123910173
57	0.295542717	0.308956146	0.927847445	0.402077913	22.1517214	17.3526262	1.406547397	0.774358749	0.197243452	0.053597331	0.144340515	0.201739788	13.51451471	88.27142365	0.437539	492.9962047	0.681674004	0.20070827	0.047396451	0.299961567	0.280893326	1.674750034	20.22855906	14.80206982	200.4191074	1.221693576	0.110481262	0.007449038	0.003583089	0.00093404	0.000135614	0.001398494	0.148580551	5.015562668	2.825956343	13.89483752	0.095531119
58	0.557281494	0.193853378	0.910577953	0.135684967	17.92106984	12.4540348	1.114243764	0.580909729	0.076748848	0.113428116	0.366204023	0.076812029	11.58745226	80.25642106	0.910839	400.9041208	0.719673157	0.19596231	0.03575018	0.520754337	0.126499176	1.208391222	11.13746424	22.1413501	138.4327936	0.861147842	0.34479928	0.008195329	0.003029322	0.000908414	0.000141415	0.001287859	0.183808923	7.216215691	2.511640851	19.32462121	0.095352268
59	0.433989882	0.275606632	0.924698591	0.360446215	12.96996053	15.01116883	1.322437321	0.660006166	0.179474592	0.030743837	0.169842005	0.171560168	12.52191931	89.47406618	0.406535	394.2334325	0.695650816	0.244478226	0.038537383	0.427518845	0.21955049	2.104222745	13.0494813	21.29572049	93.85417785	0.681644741	0.595244884	0.007077994	0.002723766	0.000915678	0.000179347	0.001785614	0.136666954	5.435880377	3.356889573	20.46081242	0.112910947
60	0.343445897	0.283602238	0.856907248	0.272575617	18.56354442	16.99216324	1.654924128	0.696739435	0.183545351	0.130486965	0.279331446	0.261249065	16.6510714	71.100353	0.849106	369.2157665	0.653405547	0.253778458	0.027282864	0.313831925	0.256238818	1.025330386	10.17204953	26.82942089	127.5317044	0.906657212	0.316376925	0.008449107	0.002537957	0.001040886	0.000135136	0.001530467	0.323768616	7.621888675	2.941784171	18.38564676	0.079956922
61	0.424335122	0.216437757	0.914534688	0.257975101	21.44795678	12.15306148	1.107991948	0.67048955	0.274915695	0.142600894	0.50294733	0.270493507	13.56929485	117.6745628	0.92285	503.2170433	0.89613533	0.318211555	0.040086985	0.35743618	0.132853508	1.664170996	9.138608763	27.8881122	79.35317714	1.303060428	0.598908424	0.008711271	0.003086409	0.000666196	0.000146414	0.001887661	0.100470424	5.191913567	2.831582791	12.16931171	0.080431388
62	0.627441406	0.246469498	0.919760525	0.403406143	12.86413102	13.88275646	1.026257026	0.771030903	0.146543384	0.041590214	0.109024286	0.124685049	21.03755279	90.25605372	0.526316	490.3684116	0.759575725	0.285743237	0.046878725	0.193601608	0.373514414	1.843074989	16.21510655	15.11910622	115.3482487	0.916158813	0.229946613	0.007874964	0.00420922	0.00097365	0.000150353	0.001061313	0.187651753	7.090846742	2.920644437	12.88426391	0.121362096
63	0.460207105	0.159079552	0.931920528	0.273714542	23.55656257	21.38052832	1.816400539	0.715542674	0.231201649	0.04259038	0.097045898	0.201567054	29.14769398	100.1969076	0.711026	584.3363822	0.857979774	0.142286897	0.051142395	0.479627609	0.358562708	2.860500467	15.42928391	24.91152866	164.5859282	1.131736681	0.46073246	0.008961849	0.002208372	0.000748275	0.000186601	0.002164736	0.116548479	5.736247387	3.402164392	19.07514152	0.125892425
64	0.443535447	0.164088905	0.848997116	0.466236353	25.65713699	15.71139213	1.356459311	0.65144515	0.110124588	0.069665194	0.449856281	0.289797783	25.34034992	117.4820246	0.788323	523.6733192	0.733870745	0.301166534	0.039386362	0.203603745	0.376241088	2.049117036	14.51014874	17.37618364	151.1256408	1.504737139	0.394488573	0.008060595	0.002568115	0.00082185	0.000206054	0.00196738	0.14492625	7.991103338	1.984238752	15.16941972	0.094251113
65	0.345180273	0.241409302	0.846484184	0.477025747	16.10808868	16.03100774	1.368643995	0.530738354	0.136653185	0.169205546	0.489789009	0.073481441	11.19657386	85.31203173	0.302502	608.465679	0.904838562	0.31799984	0.056007743	0.40527308	0.342972517	3.059680801	17.33740253	14.47507493	121.681277	1.149349158	0.315871716	0.007645627	0.003317006	0.001087679	0.000134661	0.00140165	0.156348705	4.30412671	3.082108573	25.58384196	0.059029399
66	0.419561625	0.249273539	0.909674883	0.411039352	17.72887087	19.10971578	1.865312707	0.723017454	0.177094221	0.227122068	0.332731247	0.123923182	10.32101935	93.69057426	0.542738	604.2186897	0.602642775	0.208604932	0.02723366	0.349310279	0.23545742	2.268893847	18.21991009	19.68534666	146.7406804	0.914366715	0.37878561	0.007961297	0.00275165	0.00074943	0.000192763	0.002529247	0.224569082	5.052481397	2.739106944	18.76396966	0.067127851
67	0.570942879	0.263907194	0.956294656	0.383904219	21.62036984	11.17127194	1.044268958	0.699369431	0.110124588	0.069665194	0.449856281	0.289797783	25.34034992	117.4820246	0.788323	523.6733192	0.733870745	0.172084212	0.030580387	0.367351532	0.18524313	3.196445544	15.49871989	20.77115269	162.3553432	1.168550005	0.252569199	0.008304156	0.002785141	0.000845498	0.000164801	0.001163876	0.224067688	5.394230944	2.447993462	16.87131278	0.082918717
68	0.378047824	0.329771996	0.909566522	0.627170086	13.52071391	16.50857367	1.122777617	0.72403717	0.175718069	0.093582869	0.622486115	0.257523775	17.93106368	109.4640687	0.776426	383.6916126	0.68196547	0.107360125	0.043972045	0.389410019	0.189756632	2.632563318	21.91657944	18.28677808	177.7080907	0.943162919	0.248630524	0.008169757	0.003386654	0.000721756	0.000130526	0.001810082	0.089697242	5.630240907	2.616236201	17.52727495	0.117511152
69	0.348850965	0.213486671	0.884488344	0.509237289	25.17276629	14.57700616	1.306951272	0.870809555	0.139174342	0.057518721	0.211329699	0.173491836	19.5193073	102.9889409	0.68457	672.9908598	0.58410573	0.268572569	0.036355585	0.413646936	0.357542396	1.89174322	11.51820293	17.66068623	124.2524805	0.831429062	0.376005411	0.005937435	0.002665645	0.000768009	0.000112745	0.001740379	0.2398839	9.295433321	4.240549863	20.51885316	0.11528181
70	0.458784342	0.198818803	0.904948533	0.142662525	10.6123582	15.04501999	0.993601851	0.777450681	0.145673752	0.218846321	0.637542725	0.162700772	12.59751952	90.28546686	0.470316	587.7638733	0.588868618	0.134956241	0.063684106	0.395273209	0.101753235	5.366966246	13.92614473	9.966433364	148.7730482	0.585693989	0.248213053	0.009258986	0.003481466	0.000664441	0.000117744	0.001978986	0.150823832	6.787914057	3.332705599	21.02291253	0.127606603
71	0.396421313	0.217867851	0.834755898	0.410040855	14.54946261	19.47089936	2.086662247	0.629391909	0.176856756	0.037616491	0.180639505	0.100678086	23.96559804	99.05727503	0.920159	606.8703197	0.692250967	0.287100792	0.038621008	0.500509977	0.332437634	1.983149635	26.8100319	20.2523225	199.0712706	1.83452442	0.35915184	0.008231319	0.002173883	0.000802513	0.000180617	0.002662376	0.157088399	6.193647039	3.013908007	11.70426994	0.100727436
72	0.534157276	0.218072653	0.956267238	0.462353468	17.1543511	10.85606466	0.802421655	0.679059625	0.13455689	0.079539418	0.206352472	0.308936119	24.0996328	88.12532616	0.93171	401.5348314	0.678778768	0.285527706	0.040410429	0.303957701	0.301988482	2.527690562	15.29517328	13.98004368	102.8396236	0.730653233	0.231529951	0.007421453	0.002929877	0.000945089	0.000128836	0.001960224	0.133277714	5.819015874	3.245390422	13.94715845	0.101979118
73	0.474573135	0.202862501	0.90282023	0.380941391	11.55452026	17.1288691	1.339090255	0.657809496	0.137436032	0.139973879	0.304933786	0.195202112	9.733966261	71.94139697	0.780223	431.6154705	0.753050208	0.146388769	0.038369	0.239399433	0.392474174	1.811572396	15.46446283	26.38940025	156.864127	1.147070503	0.43496871	0.009043932	0.003661744	0.000998813	0.00013495	0.001595654	0.188468218	7.222530174	3.228066793	13.29865165	0.09365384
74	0.450621247	0.149649024	0.864109039	0.197174072	27.49469743	11.58613381	1.212436932	0.792964578	0.2358675	0.121835709	0.302132368	0.183104277	23.98365018	93.06763199	0.620191	527.1191131	0.708593369	0.158925414	0.091097832	0.341148138	0.179238796	1.995604806	8.585348509	17.59327387	146.0626903	1.523293948	0.386895657	0.010110766	0.002637353	0.00085189	0.000158277	0.003184587	0.199531078	6.21249411	3.647284833	10.93128981	0.161492111
75	0.460346222	0.172831655	0.848436832	0.277163029	19.36678218	12.78347059	1.165536394	0.699043989	0.304121017	0.03693819	0.285900593	0.158351421	10.07415498	93.61271269	0.677542	530.7126172	0.767311454	0.20338583	0.052831918	0.331193924	0.464752674	2.671058471	19.73303185	14.34684223	170.2237316	1.476556559	0.42152667	0.008662526	0.002248887	0.000809114	0.000169145	0.001604441	0.19506669	5.830402801	3.333556896	22.90801213	0.112731389
76	0.487980604	0.314110756	0.917345881	0.281151295	9.853526862	12.66387572	0.980524295	0.804872274	0.16701889	0.204735041	0.352087736	0.127873421	14.1581061	103.197587	0.994249	566.3537222	0.730915308	0.230835438	0.034475803	0.320828319	0.123326302	2.153195998	7.584184414	17.76667021	129.8322871	1.370787521	0.22968483	0.007786242	0.003388651	0.000841598	0.000124281	0.001865602	0.094841599	6.305157434	3.067477345	17.22369057	0.064972711
77	0.274826527	0.251853466	0.743846893	0.339203358	13.57367437	16.60747209	1.226065697	0.540814877	0.21527195	0.197009563	0.493058681	0.013561249	9.139459635	91.92270719	0.754105	584.3800595	0.699649334	0.25155139	0.026860803	0.462373972	0.183340311	2.75052482	20.487636	19.91929853	173.527718	1.190646659	0.669668198	0.008542214	0.003262173	0.000939769	0.00012754	0.001874106	0.182814717	4.594118793	3.147238981	22.24589785	0.107265785
78	0.388526559	0.272218466	0.808323145	0.196243286	11.44907643	11.09709776	0.917221852	0.622732639	0.199269295	0.063340902	0.255525827	0.203430533	6.17678162	79.95168931	0.573863	352.4810589	0.752268553	0.301166534	0.039386362	0.203603745	0.376241088	2.049117036	14.51014874	17.37618364	151.1256408	1.504737139	0.394488573	0.008493781	0.002624731	0.001016191	0.000144093	0.001710615	0.193167925	6.8729438	3.825194532	16.37143845	0.0982793
79	0.399921536	0.174510658	0.787124634	0.615480423	20.18828598	18.50304398	1.423277018	0.712481856	0.139638066	0.032448292	0.044813156	0.194464564	34.19275683	79.30192866	0.38379	359.6839307	0.813853741	0.181675196	0.029498309	0.491641283	0.411952496	3.30599618	11.24109407	22.71028066	216.2592654	1.172984891	0.628295422	0.008256692	0.002254225	0.000765853	0.000207365	0.001830717	0.183343887	6.550486496	2.837489048	20.61982022	0.136913857
80	0.445468903	0.211690187	0.841925621	0.513394594	22.25191789	14.29596293	0.98403725	0.765039444	0.140276432	0.057880282	0.339247704	0.184116602	9.391898274	88.02472722	0.649052	374.8040919	0.86335516	0.264129162	0.038178951	0.448931932	0.308204651	2.419045002	11.06057841	21.91901089	141.0981757	1.570142769	0.316368818	0.01056385	0.002777102	0.000736216	0.000143156	0.001588929	0.184876323	7.422758001	3.634752498	17.63216911	0.049007498
81	0.441475153	0.249538898	0.811245441	0.466257811	16.46986784	9.304601996	0.965543954	0.634651899	0.198016405	0.101708055	0.416411877	0.070909858	30.71290173	86.28540479	0.842817	484.3947469	0.684686422	0.221020699	0.046594203	0.387232661	0.251668811	1.316006873	13.1962229	16.12121101	179.212105	1.483040089	0.260852098	0.011152029	0.002686573	0.000659682	0.000183805	0.001123451	0.108442903	6.194278444	2.811500826	21.90897609	0.103658583
82	0.41095233	0.273422956	0.868338466	0.55883503	20.78126463	16.04542214	1.399548412	0.731877565	0.242642403	0.083296895	0.2719872	0.109548688	22.24613738	84.95601044	0.816856	485.0699118	0.743284464	0.179930687	0.101650238	0.63184166	0.384366989	1.452864763	11.07018598	18.81586039	136.4222988	0.565518928	0.579275608	0.007933861	0.003650106	0.001067108	0.000117046	0.001860671	0.144843459	6.113833912	2.328175842	14.40249447	0.104023666
83	0.513917685	0.215238869	0.888988197	0.223273754	21.1992931	10.56118825	0.943409598	0.760852814	0.185463428	0.39774704	0.446488857	0.149245501	29.84570683	92.59806613	0.749467	524.7854208	0.700295091	0.208138704	0.016783327	0.467754722	0.299813867	1.407004569	6.805856264	15.01961324	219.6170638	0.423055996	0.268286228	0.009122591	0.003000337	0.001116342	0.000213569	0.00165105	0.247185707	5.571788261	3.322387446	14.78369907	0.071400204
84	0.599401474	0.209465921	0.891676545	0.13190937	20.22578931	11.38548843	1.140699411	0.738873839	0.244690895	0.075622797	0.337797165	0.11780107	14.86920662	80.08062848	0.546175	553.2805666	0.866204262	0.110621214	0.066169739	0.348962545	0.213784456	2.242573575	12.29522567	14.9884521	160.3710782	0.88106024	0.524870157	0.008115375	0.002738842	0.000766832	0.000161229	0.001998347	0.184211731	7.151666585	3.065455412	13.27953481	0.139532009
85	0.407366991	0.280321598	0.855055094	0.33257103	14.88996023	19.23951844	1.718633097	0.745437622	0.134215117	0.053746104	0.176215649	0.135200143	7.270899195	96.04739715	0.788898	573.420934	0.620378256	0.221263647	0.065872788	0.577165604	0.315571308	1.716354875	18.35663644	11.41253006	165.4648999	1.174653122	0.369586229	0.009516969	0.002866938	0.001060017	0.000196765	0.001126353	0.181907892	7.468243767	2.544841612	17.50147101	0.114129676
86	0.381375194	0.20534426	0.896172404	0.325334072	18.97415802	12.01500166	0.734955001	0.855666876	0.16783917	0.205289245	0.556166649	0.065773964	16.13918139	78.77616493	0.753208	356.91157	0.720697403	0.153631806	0.017601132	0.326449394	0.352696419	1.309218459	12.11523239	20.68746123	229.3320903	0.792930709	0.405034065	0.007176975	0.002755463	0.000735132	0.000135386	0.001353597	0.166593909	4.783010894	4.035100422	15.62898149	0.108439005
87	0.522071123	0.252560973	0.915508866	0.26022172	17.96087342	15.90924764	1.670223831	0.663268566	0.22177124	0.033351064	0.166968822	0.231438875	9.925874963	92.5138183	0.700731	515.5265786	0.805761576	0.176928401	0.041570067	0.164638519	0.25494349	1.65663355	16.11713175	30.70623137	93.28266911	0.824374496	0.484564304	0.008502774	0.003740378	0.000944868	0.000153396	0.001890859	0.216763496	5.550384334	2.78424537	7.870668062	0.097322885
88	0.501136541	0.243227482	0.888664842	0.708198547	20.87115871	13.43804847	0.948747979	0.73072958	0.167471886	0.104997277	0.151000738	0.095420003	15.04194858	85.30365152	0.580233	537.8251501	0.759459734	0.206388235	0.063027143	0.262005806	0.32079947	1.969632544	17.94949116	9.861358205	162.8646794	0.713264061	0.199028254	0.007820473	0.002529885	0.000870854	0.000132452	0.002659056	0.229780912	5.54931907	3.006309647	15.43845465	0.082475785
89	0.600608826	0.198941588	0.900820553	0.241503716	19.58453624	11.90400875	0.916512274	0.795804977	0.14168632	0.385142326	0.05786705	0.121110201	13.81282538	75.31634832	0.809805	448.5782908	0.696202278	0.293039322	0.04374525	0.363939047	0.149625301	1.897185136	20.55372376	20.22351657	151.2755072	1.62498769	0.395110607	0.006558066	0.001916749	0.000841633	0.000177257	0.000914514	0.277784348	5.357786144	3.23802995	19.89025039	0.081062391
90	0.29178071	0.284324408	0.937886596	0.219535828	16.36546106	17.4229241	1.101430938	0.909450531	0.130713224	0.092187405	0.408523798	0.138938189	13.74896132	91.04287692	0.582577	509.5705878	0.784667015	0.240515947	0.049052685	0.132965088	0.448111057	0.890838285	32.93555369	25.03918257	123.2669419	1.251413747	0.364156485	0.007668141	0.002880674	0.000934375	9.88727E-05	0.002119572	0.131949902	6.847060904	2.957400102	20.43931107	0.104513562
91	0.441037655	0.155319571	0.743045807	0.288769722	19.53125073	12.92895127	1.047760772	0.70492208	0.185065031	0.099322557	0.691864014	0.162136436	21.36395216	83.8321324	0.326828	337.09925	0.782449961	0.257830143	0.023463547	0.617376328	0.143689156	3.913751553	19.81083897	24.54028662	170.6455013	1.180736897	0.472538471	0.009440623	0.002295902	0.001049018	0.000168769	0.001733886	0.164521456	5.388298406	4.185910644	18.32740735	0.100702851
92	0.440204501	0.224147797	0.807374001	0.327955484	11.5233321	11.68160472	0.977683947	0.828097105	0.185144186	0.10391736	0.366437197	0.164573908	18.92397563	86.82007197	0.83783	379.8206512	0.651574731	0.194389462	0.03699255	0.293156147	0.439960003	1.431107093	15.02805303	13.62468029	170.3910442	0.797313225	0.297641277	0.007986672	0.003056955	0.000732034	0.000104122	0.001702843	0.090939403	7.189668861	3.367842961	22.03638589	0.073244123
93	0.509484291	0.226986468	0.799755573	0.248937607	14.54005182	11.02054186	1.078078507	0.734110594	0.140276432	0.057880282	0.339247704	0.184116602	9.391898274	88.02472722	0.649052	374.8040919	0.86335516	0.136533737	0.031124815	0.226350307	0.335695267	1.582078848	26.02792168	25.4831953	224.2622553	1.132031296	0.391005993	0.008457527	0.003584974	0.000790501	0.000119563	0.001627324	0.236506462	6.078336436	3.014726256	16.77160391	0.100025076
94	0.396995068	0.179196358	0.846566319	0.325095654	23.80271082	11.41370845	0.823497785	0.868112564	0.207436085	0.116330147	0.510164261	0.241039753	12.80141472	78.38235334	0.316792	390.6890235	0.590344667	0.211586952	0.03863579	0.346437812	0.1970613	1.494776686	14.06853398	22.62599172	105.3097455	0.674504612	0.41604805	0.010874987	0.002846707	0.000897104	0.000175583	0.001381882	0.161593676	5.644589971	2.856460999	9.894751981	0.100423721
95	0.513917685	0.215238869	0.888988197	0.223273754	21.1992931	10.56118825	0.943409598	0.760852814	0.169767141	0.129128337	0.416461945	0.146875024	2.164088647	89.23729522	0.931524	464.9187422	0.633041859	0.293743134	0.096220016	0.333892465	0.169768333	2.641958556	11.88051436	25.49750855	130.72158	1.792847546	0.170355797	0.007555751	0.003324155	0.001110975	0.00016244	0.001344724	0.106866598	5.543233627	2.911078782	17.65010642	0.088044315
96	0.316724777	0.279572725	0.886148572	0.246476412	20.23183685	14.54845234	1.181892753	0.781862497	0.190850019	0.3951931	0.543070793	0.194966435	8.523060687	79.10859848	0.733058	493.9654088	0.764760375	0.219624043	0.025146753	0.222236633	0.245770693	1.444657988	17.62247829	17.68889143	198.0016782	0.848937995	0.464306116	0.007874964	0.00420922	0.00097365	0.000150353	0.001061313	0.187651753	7.090846742	2.920644437	12.88426391	0.121362096
97	0.399045467	0.212954402	0.875157595	0.589272976	17.46753636	18.72871467	1.218582078	0.693725586	0.17933774	0.031669855	0.133276939	0.133208394	18.12301195	99.43841986	0.990779	470.3397682	0.687677145	0.083998084	0.035072535	0.387693405	0.191690922	2.000231837	25.50255862	25.8359394	168.1650839	0.756294685	0.516051292	0.008823425	0.002830386	0.000853017	0.000162812	0.001210824	0.232097626	4.535906538	3.340611695	14.01656695	0.103525189
98	0.304282427	0.220705748	0.803308964	0.277585506	16.25603519	12.22413357	0.82501382	0.648518801	0.181098819	0.112999201	0.410031319	0.075487137	18.72170643	78.70238243	0.834426	527.9115445	0.584830761	0.223323345	0.029607102	0.385803223	0.128876686	2.84751752	15.24438976	17.72376905	163.6624733	1.310470309	0.470497847	0.009098671	0.002559549	0.000874122	0.000167121	0.002160454	0.152364492	5.973622921	2.977408593	14.35176254	0.074437875
99	0.557281494	0.193853378	0.910577953	0.135684967	17.92106984	12.4540348	1.114243764	0.580909729	0.135745525	0.072267294	0.310464621	0.091278195	23.87466197	90.53922208	0.994197	467.9696261	0.60795784	0.158919334	0.057202756	0.270871401	0.160496235	0.556338593	17.54540637	21.69457315	161.836159	1.47769439	0.498260975	0.00986205	0.002192087	0.000959793	0.000146272	0.001990568	0.098505259	5.504641914	4.181133535	17.54768444	0.081904235
