IneqGenderBingeSvy
0.0000	0.9099	0.0094	0.5346
0.0000	0.4662	0.4544	0.5410
IneqGenderMultSvy 
0.0000	0.7356	0.8165	0.0625
0.0000	0.4641	0.4596	0.4979
BingeMultSvyM 
0.5611	1.2177	0.6647	0.5406
0.4231	0.2801	0.4084	0.2492
BingeMultSvyF
2.0479	2.0621	1.6316	1.1559
1.4371	1.3807	0.6230	0.4814
BingeCondomSvyM 
-0.2025	0.0924	0.0330	-0.3046
0.3692	0.2887	0.4723	0.2158
BingeCondomSvyF
0.5102	-0.1494	-0.1915	0.1759
1.0514	0.6262	0.6197	0.3805
EmployedTransSvy
0.0000	0.0000	0.4187	0.3138
0.0000	0.0000	0.6566	0.5624
EmployedMultSvyM
-0.1040	-0.2007	0.0606	-0.0637
0.3606	0.2346	0.3925	0.2197
EmployedMultSvyF 
-0.8124	-0.2889	0.2467	-0.0555
0.7815	1.0532	0.4660	0.3423
EmployedHIVsvyM 
0.4093	0.3703	0.3464	0.2675
0.4312	0.2823	0.4737	0.2564
EmployedHIVsvyF
-0.0612	-0.2283	0.1383	-0.0867
0.2889	0.2595	0.2861	0.1892
EduCondomSvyM
0.2034	0.1055	-0.3797	-0.2293
0.2975	0.2268	0.3862	0.2160
EduCondomSvyF 
0.3658	0.2041	-0.0057	-0.0680
0.2302	0.1912	0.4029	0.1702
EduHIVsvyM 
-0.3537	-0.2970	-0.2023	-0.3948
0.5195	0.3252	0.4595	0.2984
EduHIVsvyF 
-0.4606	-0.4684	-0.6772	-0.4930
0.2858	0.2243	0.2646	0.1961
SchoolMarriageSvy
0.0000	-2.0439	0.0000	-1.1342
0.0000	0.6121	0.0000	0.4949
