ANC data (sentinel)
1990	1973	0.052	0.956	1.000	0.000400	0.000000	0	0.000
1990	200	0.110	0.956	1.000	0.000400	0.000000	0	0.000
1990	971	0.157	0.956	1.000	0.000400	0.000000	0	0.000
1993	32	0.120	0.956	1.000	0.000400	0.000000	1	0.120
1993	363	0.094	0.956	1.000	0.000400	0.000000	1	0.066
1994	168	0.120	0.956	1.000	0.000400	0.000000	1	0.050
1994	52	0.269	0.956	0.980	0.000400	0.000400	1	0.000
1995	327	0.120	0.956	1.000	0.000400	0.000000	1	0.050
1996	327	0.084	0.956	1.000	0.000400	0.000000	1	0.156
1997	3000	0.124	0.956	1.000	0.000400	0.000000	0	0.000
1997	271	0.085	0.956	0.980	0.000400	0.000400	0	0.000
1998	7391	0.075	0.956	0.980	0.000400	0.000400	0	0.000
1999	245	0.060	0.956	1.000	0.000400	0.000000	1	0.450
2001	1250	0.063	0.956	1.000	0.000400	0.000000	0	0.000
2002	449	0.020	0.956	1.000	0.000400	0.000000	1	0.430
2002	16537	0.010	0.956	1.000	0.000400	0.000000	0	0.000
2002	39	0.026	0.956	1.000	0.000400	0.000000	1	0.333
2003	801	0.052	0.956	0.980	0.000400	0.000400	1	0.522
2005	982	0.040	0.956	0.980	0.000400	0.000400	1	0.128
2005	1026	0.058	0.956	0.980	0.000400	0.000400	1	0.150
2005	1856	0.054	0.956	1.000	0.000400	0.000000	1	0.400
2011	390	0.013	0.956	0.980	0.000400	0.000400	1	0.341
FPC data
1994	249	0.050	0.956	1.000	0.000400	0.000000	0	0.000
1994	189	0.080	0.956	1.000	0.000400	0.000000	1	0.240
1994	55	0.218	0.956	0.980	0.000400	0.000400	1	0.000
1994	40	0.080	0.956	1.000	0.000400	0.000000	1	0.100
1995	210	0.086	0.956	1.000	0.000400	0.000000	1	0.224
2002	221	0.023	0.956	1.000	0.000400	0.000000	1	0.455
GUD data
CSW data
1996	395	0.314	0.956	1.000	0.000400	0.000000	1	0.500
1996	407	0.338	0.956	1.000	0.000400	0.000000	0	0.000
1996	295	0.256	0.956	1.000	0.000400	0.000000	1	0.464
1998	121	0.233	0.956	1.000	0.000400	0.000000	1	0.686
2000	93	0.344	0.956	1.000	0.000400	0.000000	0	0.000
2000	310	0.110	0.956	0.980	0.000400	0.000400	0	0.000
2001	101	0.210	0.956	1.000	0.000400	0.000000	1	0.780
Household data (sentinel)
1991	403	0.155	0.956	1.000	0.000400	0.000000	1	0.009	2	7	0
1991	465	0.123	0.956	1.000	0.000400	0.000000	0	0.000	2	7	0
1995	142	0.085	0.956	1.000	0.000400	0.000000	1	0.134	1	7	0
1998	712	0.097	0.956	1.000	0.000400	0.000000	1	0.374	1	9	0
1999	622	0.045	0.956	1.000	0.000400	0.000000	1	0.344	1	2	1
ANC data (national)
Household data (national)