ANC data (sentinel)
1993	32	0.190	0.590	0.991	0.015129	0.000441	1	0.120
1994	168	0.210	0.590	0.991	0.015129	0.000441	1	0.050
1994	52	0.519	0.689	1.000	0.017161	0.000000	1	0.000
1995	798	0.123	0.590	0.991	0.015129	0.000441	0	0.000
1996	327	0.414	0.689	1.000	0.017161	0.000000	1	0.156
1999	245	0.320	0.950	0.980	0.002500	0.000576	1	0.450
2001	185	0.368	1.000	1.000	0.000000	0.000000	0	0.000
2002	449	0.270	0.950	0.980	0.002500	0.000576	1	0.430
2002	48	0.208	0.950	0.980	0.002500	0.000576	1	0.333
2003	801	0.107	0.689	1.000	0.017161	0.000000	1	0.522
2008	1459	0.153	0.950	0.980	0.002500	0.000576	1	0.386
FPC data
1994	249	0.180	0.590	0.991	0.015129	0.000441	0	0.000
1994	189	0.140	0.689	1.000	0.017161	0.000000	1	0.240
1994	55	0.255	0.689	1.000	0.017161	0.000000	1	0.000
1994	40	0.200	0.689	1.000	0.017161	0.000000	1	0.100
1995	210	0.106	0.689	1.000	0.017161	0.000000	1	0.224
1999	547	0.075	0.689	1.000	0.017161	0.000000	0	0.000
2002	226	0.239	0.950	0.980	0.002500	0.000576	1	0.455
GUD data
CSW data
1996	392	0.357	0.590	0.991	0.015129	0.000441	1	0.500
1996	295	0.168	0.590	0.991	0.015129	0.000441	1	0.464
Household data (sentinel)
1991	405	0.296	0.590	0.991	0.015129	0.000441	1	0.009	2	7	0
1991	470	0.274	0.590	0.991	0.015129	0.000441	0	0.000	2	7	0
2010	329	0.058	0.855	0.991	0.011664	0.000064	0	0.000	1	1	1
ANC data (national)
Household data (national)