ANC data (sentinel)
1987	193	0.269	0.759	1.000	0.040401	0.000000	1	0.000
1988	180	0.200	0.759	1.000	0.040401	0.000000	0	0.000
1993	32	0.590	0.553	1.000	0.051529	0.000000	1	0.120
1994	52	0.558	0.759	1.000	0.040401	0.000000	1	0.000
1995	798	0.236	0.553	1.000	0.051529	0.000000	0	0.000
FPC data
1994	189	0.300	0.553	1.000	0.051529	0.000000	1	0.240
1994	55	0.272	0.759	1.000	0.040401	0.000000	1	0.000
1995	210	0.229	0.553	1.000	0.051529	0.000000	1	0.224
GUD data
CSW data
1996	145	0.409	0.553	1.000	0.051529	0.000000	1	0.503
1996	295	0.259	0.553	1.000	0.051529	0.000000	1	0.464
Household data (sentinel)
ANC data (national)
Household data (national)